Quantify Compound Summary Report 

Printed Wed Oct 30 12:27:59 2024

Compound 1:  NEU7032

	#	Name	Type	Std. Conc	RT	Area	IS Area	Area Ratio	Response	Conc.	S/N	Vial	Conc. Dev. Flagged	%Dev
1	1	07182024_NEU_BLK_ACN1			3.09	9434					276.358	1:A,1	NO	
2	2	07182024_NEU_BLK_ACN2			3.09	8430	42.987	196.09424	3921.885	635.9	388.993	1:A,1	NO	
3	3	07182024_NEU_BLK_ACN3										1:A,1		
4	4	07182024_NEU_SST1A			3.09	1002095	35065.637	28.57770	571.554	92.6	32382.000	1:E,4	NO	
5	5	07182024_NEU_SST2A			3.10	994197	34012.875	29.23000	584.600	94.7	65834.570	1:E,4	NO	
6	6	07182024_NEU_SST3A			3.09	1000379	33119.914	30.20477	604.095	97.9	59395.108	1:E,4	NO	
7	7	07182024_NEU_SST4A			3.09	1006333	33257.398	30.25891	605.178	98.0	48860.993	1:E,4	NO	
8	8	07182024_NEU_SST5A			3.09	993935	33386.211	29.77083	595.417	96.5	48845.139	1:E,4	NO	
9	9	07182024_NEU_BLK_ACN4	Blank		3.09	8449	19.236	439.20659	8784.132	1424.3	442.341	1:A,1	NO	
10	10	07182024_NEU_PK_BLK_PLASMA1			3.09	685	24.528	27.92299	558.460	90.5	40.019	1:E,2	NO	
11	11	07182024_NEU_PK_BLK_PLASMA_WITH_IS			3.10	727	34600.398	0.02100	0.420		29.868	1:E,3	NO	
12	12	07182024_NEU_PK_CS_PLASMA__1NG_1	Standard	1.000	3.09	11233	33587.129	0.33443	6.689	1.0	443.517	1:E,5	NO	-1.1
13	13	07182024_NEU_PK_CS_PLASMA__2NG_2	Standard	2.000	3.09	21253	33114.176	0.64182	12.836	2.0	1273.104	1:E,6	NO	-0.7
14	14	07182024_NEU_PK_CS_PLASMA__5NG_3	Standard	5.000	3.09	54338	33920.789	1.60192	32.038	5.1	3022.702	1:E,7	NO	2.0
15	15	07182024_NEU_PK_CS_PLASMA__10NG_4	Standard	10.000	3.09	117700	34527.488	3.40889	68.178	11.0	5308.429	1:E,8	NO	9.6
16	16	07182024_NEU_PK_CS_PLASMA__20NG_5	Standard	20.000	3.09	225232	35242.773	6.39088	127.818	20.6	12808.399	1:E,9	NO	3.2
17	17	07182024_NEU_PK_CS_PLASMA__50NG_6	Standard	50.000	3.09	546180	34934.207	15.63452	312.690	50.6	20450.141	1:E,10	NO	1.2
18	18	07182024_NEU_PK_CS_PLASMA__100NG_7	Standard	100.000	3.09	1062481	35081.051	30.28647	605.729	98.1	70276.046	1:E,11	NO	-1.9
19	19	07182024_NEU_PK_CS_PLASMA__200NG_8	Standard	200.000	3.09	1892296	34964.145	54.12103	1082.421	175.4	83483.575	1:E,12	NO	-12.3
20	20	07182024_NEU_PK_BLK_PLASMA2			3.09	2329	11.505	202.39261	4047.852	656.3	106.969	1:E,2	NO	
21	21	07182024_NEU_PK_LLOQ_1	QC	1.000	3.09	13007	34763.664	0.37414	7.483	1.1	985.825	1:F,1	NO	11.8
22	22	07182024_NEU_PK_LQC_1	QC	3.000	3.09	29943	33839.535	0.88487	17.697	2.8	2562.637	1:F,2	NO	-7.5
23	23	07182024_NEU_PK_MQC_1	QC	90.000	3.09	975656	33111.543	29.46575	589.315	95.5	15746.275	1:F,3	NO	6.1
24	24	07182024_NEU_PK_HQC_1	QC	180.000	3.09	2120982	33601.160	63.12228	1262.446	204.6	104169.955	1:F,4	NO	13.7
25	25	07182024_NEU_PK_BLK_PLASM3			3.09	952	12.823	74.26827	1485.365	240.8	29.506	1:E,2	NO	
26	26	07182024_NEU_PK_BLK_PLASM4			3.09	1880	561.219	3.35013	67.003	10.8	53.468	1:E,2	NO	
27	27	07182024_NEU_PK_LLOQ_2	QC	1.000	3.09	11114	39132.496	0.28402	5.680	0.8	686.776	1:F,5	NO	-17.5
28	28	07182024_NEU_PK_LQC_2	QC	3.000	3.09	31495	38412.965	0.81989	16.398	2.6	1666.893	1:F,6	NO	-14.6
29	29	07182024_NEU_PK_MQC_2	QC	90.000	3.09	1018621	36647.250	27.79530	555.906	90.1	45310.088	1:F,7	NO	0.1
30	30	07182024_NEU_PK_HQC_2	QC	180.000	3.09	2066656	36963.813	55.91025	1118.205	181.2	68954.957	1:F,8	NO	0.7
31	31	07182024_NEU_PK_BLK_PLASM5			3.10	2070	26.109	79.28576	1585.715	257.0	86.059	1:E,2	NO	
32	32	07182024_NEU_PK_BLK_PLASM6			3.10	824	10.671	77.25780	1545.156	250.5	47.235	1:E,2	NO	
33	33	07182024_NEU_7032_IP_5MG_MICE_PK_30MIN			3.09	11201235	29712.648	376.98542	7539.708	1222.5	193123.967	1:G,7	NO	
34	34	07182024_NEU_7032_IP_5MG_MICE_PK_1HR			3.09	12270142	31120.193	394.28232	7885.646	1278.6	223225.555	1:G,8	NO	
35	35	07182024_NEU_7032_IP_5MG_MICE_PK_2HR			3.10	5200958	30215.918	172.12641	3442.528	558.1	220955.763	1:G,9	NO	
36	36	07182024_NEU_PK_BLK_PLASM7			3.09	9899	8.758	1130.28739	22605.748	3665.7	308.066	1:E,2	NO	
37	37	07182024_NEU_PK_LLOQ_3	QC	1.000	3.09	14912	36837.461	0.40479	8.096	1.2	677.860	1:F,9	NO	21.7
38	38	07182024_NEU_PK_LQC_3	QC	3.000	3.09	35307	36829.898	0.95866	19.173	3.0	1522.051	1:F,10	NO	0.4
39	39	07182024_NEU_PK_MQC_3	QC	90.000	3.09	966529	36843.090	26.23366	524.673	85.0	46928.212	1:F,11	NO	-5.6
40	40	07182024_NEU_PK_HQC_3	QC	180.000	3.10	2160128	38449.789	56.18050	1123.610	182.1	79393.119	1:F,12	NO	1.2
41	41	07182024_NEU_PK_BLK_PLASM8			3.09	3163	13.576	232.95477	4659.095	755.4	102.964	1:E,2	NO	
42	42	07182024_NEU_7369_IP_5MG_MICE_PK_30MIN			3.10	1594	30734.816	0.05187	1.037	0.1	138.837	1:G,10	NO	
43	43	07182024_NEU_7369_IP_5MG_MICE_PK_1HR			3.09	1534	32992.852	0.04651	0.930	0.1	100.018	1:G,11	NO	
44	44	07182024_NEU_7369_IP_5MG_MICE_PK_2HR			3.09	3329	38920.211	0.08553	1.711	0.2	131.333	1:G,12	NO	
45	45	07182024_NEU_PK_BLK_PLASM9			3.09	362	9.377	38.60680	772.136	125.1	11.941	1:E,2	NO	
46	46	07182024_NEU_PK_LLOQ_2A	QC	1.000	3.09	10985	40801.148	0.26923	5.385	0.8	796.768	1:F,9	NO	-22.3
47	47	07182024_NEU_PK_LQC_2A	QC	3.000	3.09	36050	40241.004	0.89586	17.917	2.8	1567.411	1:F,10	NO	-6.3
48	48	07182024_NEU_PK_MQC_2A	QC	90.000	3.09	1007492	39449.016	25.53908	510.782	82.7	32575.500	1:F,11	NO	-8.1
49	49	07182024_NEU_PK_HQC_2A	QC	180.000	3.09	2409130	41875.988	57.53010	1150.602	186.5	144633.755	1:F,12	NO	3.6
50	50	07182024_NEU_PK_BLK_PLASM10										1:E,2		
51	51	DILUTED SAMPLES												
52	52	07182024_NEU_BLK_ACN1A			3.09	9745	17.047	571.62885	11432.577	1853.8	478.430	1:A,1	NO	
53	53	07182024_NEU_BLK_ACN2A			3.09	9809	22.623	433.59705	8671.941	1406.1	751.382	1:A,1	NO	
54	54	07182024_NEU_7032_IP_5MG_MICE_PK_10X_30MIN			3.09	1487419	37148.195	40.04014	800.803	129.8	78161.920	1:H,1	NO	
55	55	07182024_NEU_7032_IP_5MG_MICE_PK_10x_1HR			3.09	1609955	36645.504	43.93322	878.664	142.4	92385.802	1:H,2	NO	
56	56	07182024_NEU_7032_IP_5MG_MICE_PK_10x_2HR			3.09	702205	36393.715	19.29467	385.893	62.5	36762.395	1:H,3	NO	
57	57	07182024_NEU_PK_BLK_PLASM13			3.09	1386	23.148	59.87113	1197.423	194.1	74.404	1:E,2	NO	
58	58	07182024_NEU_PK_LLOQ_1A	QC	1.000	3.09	14030	42757.313	0.32814	6.563	1.0	487.076	1:F,1	NO	-3.1
59	59	07182024_NEU_PK_LQC_1A	QC	3.000	3.09	32377	41398.309	0.78207	15.641	2.4	2219.230	1:F,2	NO	-18.6
60	60	07182024_NEU_PK_MQC_1A	QC	90.000	3.09	1066389	39726.891	26.84300	536.860	87.0	28709.673	1:F,3	NO	-3.4
61	61	07182024_NEU_PK_HQC_1A	QC	180.000	3.09	2426113	42663.016	56.86689	1137.338	184.3	47329.676	1:F,4	NO	2.4
62	62	07182024_NEU_PK_BLK_PLASM14			3.09	2595	17.978	144.34609	2886.922	468.0	132.279	1:E,2	NO	
63	63	07182024_NEU_7369_IP_5MG_MICE_PK_10x_30MIN			3.09	1163	35532.926	0.03273	0.655	0.0	55.246	1:H,4	NO	
64	64	07182024_NEU_7369_IP_5MG_MICE_PK_10x_1HR			3.09	1067	35451.168	0.03009	0.602	0.0	80.869	1:H,5	NO	
65	65	07182024_NEU_7369_IP_5MG_MICE_PK_10x_2HR			3.09	853	37071.215	0.02301	0.460		61.439	1:H,6	NO	
66	66	07182024_NEU_PK_BLK_PLASM15			3.09	434	8.000	54.19150	1083.830	175.7	15.603	1:E,2	NO	
67	67	07182024_NEU_PK_LLOQ_2A	QC	1.000	3.09	10985	40801.148	0.26923	5.385	0.8	796.768	1:F,9	NO	-22.3
68	68	07182024_NEU_PK_LQC_2A	QC	3.000	3.09	36050	40241.004	0.89586	17.917	2.8	1567.411	1:F,10	NO	-6.3
69	69	07182024_NEU_PK_MQC_2A	QC	90.000	3.09	1007492	39449.016	25.53908	510.782	82.7	32575.500	1:F,11	NO	-8.1
70	70	07182024_NEU_PK_HQC_2A	QC	180.000	3.09	2409130	41875.988	57.53010	1150.602	186.5	144633.755	1:F,12	NO	3.6
71	71	07182024_NEU_PK_BLK_PLASM16			3.09	2569	4.427	580.27152	11605.430	1881.8	171.201	1:E,2	NO	
72	72	07182024_NEU_7032_DRUG_CONTENT_FORMULATION_1020x_1			3.09	18151182	37551.191	483.37167	9667.433	1567.6	463785.031	1:B,1	NO	
73	73	07182024_NEU_7032_DRUG_CONTENT_FORMULATION_1020x_2			3.09	19371686	37362.629	518.47759	10369.552	1681.4	669187.121	1:B,2	NO	
74	74	07182024_NEU_7032_DRUG_CONTENT_FORMULATION_1020x_3			3.10	20253604	36853.965	549.56377	10991.275	1782.3	550006.819	1:B,3	NO	
75	75	07182024_NEU_7369_DRUG_CONTENT_FORMULATION_1020x_1			3.09	37496	38107.031	0.98396	19.679	3.1	924.284	1:B,4	NO	
76	76	07182024_NEU_7369_DRUG_CONTENT_FORMULATION_1020x_2			3.09	15584	37370.113	0.41701	8.340	1.3	502.809	1:B,5	NO	
77	77	07182024_NEU_7369_DRUG_CONTENT_FORMULATION_1020x_3			3.09	11438	38582.129	0.29647	5.929	0.9	510.564	1:B,6	NO	
78	78	07182024_NEU_BLK_ACN8			3.09	14664	9.394	1560.96604	31219.321	5062.4	660.042	1:A,1	NO	
79	79	07182024_NEU_BLK_ACN9			3.09	14240	3.963	3593.11532	71862.306	11653.1	785.885	1:A,1	NO	
80	80	07182024_NEU_BLK_ACN10			3.09	13403	12.517	1070.80906	21416.181	3472.8	735.309	1:A,1	NO	

Compound 2:  NEU7369

	#	Name	Type	Std. Conc	RT	Area	IS Area	Area Ratio	Response	Conc.	S/N	Vial	Conc. Dev. Flagged	%Dev
1	1	07182024_NEU_BLK_ACN1			2.55	2362					154.900	1:A,1	NO	
2	2	07182024_NEU_BLK_ACN2			2.56	404	42.987	9.39831	187.966	63.0	54.585	1:A,1	NO	
3	3	07182024_NEU_BLK_ACN3										1:A,1		
4	4	07182024_NEU_SST1A			2.56	523004	35065.637	14.91501	298.300	99.9	34538.914	1:E,4	NO	
5	5	07182024_NEU_SST2A			2.56	499741	34012.875	14.69270	293.854	98.5	27376.520	1:E,4	NO	
6	6	07182024_NEU_SST3A			2.56	487085	33119.914	14.70672	294.134	98.6	23071.556	1:E,4	NO	
7	7	07182024_NEU_SST4A			2.56	485584	33257.398	14.60079	292.016	97.8	25581.526	1:E,4	NO	
8	8	07182024_NEU_SST5A			2.56	484617	33386.211	14.51548	290.310	97.3	27423.772	1:E,4	NO	
9	9	07182024_NEU_BLK_ACN4	Blank		2.56	283	19.236	14.68840	293.768	98.4	40.851	1:A,1	NO	
10	10	07182024_NEU_PK_BLK_PLASMA1			2.56	154	24.528	6.26945	125.389	42.0	31.863	1:E,2	NO	
11	11	07182024_NEU_PK_BLK_PLASMA_WITH_IS			2.56	158	34600.398	0.00455	0.091		22.022	1:E,3	NO	
12	12	07182024_NEU_PK_CS_PLASMA__1NG_1	Standard	1.000	2.56	5361	33587.129	0.15962	3.192	1.0	1344.867	1:E,5	NO	-0.5
13	13	07182024_NEU_PK_CS_PLASMA__2NG_2	Standard	2.000	2.56	10092	33114.176	0.30477	6.095	2.0	870.140	1:E,6	NO	-1.6
14	14	07182024_NEU_PK_CS_PLASMA__5NG_3	Standard	5.000	2.56	25731	33920.789	0.75855	15.171	5.0	2725.127	1:E,7	NO	0.2
15	15	07182024_NEU_PK_CS_PLASMA__10NG_4	Standard	10.000	2.56	57448	34527.488	1.66385	33.277	11.1	10608.408	1:E,8	NO	10.8
16	16	07182024_NEU_PK_CS_PLASMA__20NG_5	Standard	20.000	2.56	108264	35242.773	3.07194	61.439	20.5	15576.648	1:E,9	NO	2.6
17	17	07182024_NEU_PK_CS_PLASMA__50NG_6	Standard	50.000	2.56	265616	34934.207	7.60331	152.066	50.9	13191.092	1:E,10	NO	1.8
18	18	07182024_NEU_PK_CS_PLASMA__100NG_7	Standard	100.000	2.56	519503	35081.051	14.80866	296.173	99.2	15443.282	1:E,11	NO	-0.8
19	19	07182024_NEU_PK_CS_PLASMA__200NG_8	Standard	200.000	2.56	910087	34964.145	26.02916	520.583	174.5	58946.193	1:E,12	NO	-12.8
20	20	07182024_NEU_PK_BLK_PLASMA2			2.56	429	11.505	37.27840	745.568	249.9	64.062	1:E,2	NO	
21	21	07182024_NEU_PK_LLOQ_1	QC	1.000	2.56	5891	34763.664	0.16945	3.389	1.1	727.529	1:F,1	NO	6.1
22	22	07182024_NEU_PK_LQC_1	QC	3.000	2.56	14706	33839.535	0.43459	8.692	2.8	2207.561	1:F,2	NO	-5.4
23	23	07182024_NEU_PK_MQC_1	QC	90.000	2.56	464971	33111.543	14.04256	280.851	94.1	15468.872	1:F,3	NO	4.6
24	24	07182024_NEU_PK_HQC_1	QC	180.000	2.56	1025608	33601.160	30.52301	610.460	204.6	55829.482	1:F,4	NO	13.7
25	25	07182024_NEU_PK_BLK_PLASM3			2.55	218	12.823	17.03057	340.611	114.1	35.009	1:E,2	NO	
26	26	07182024_NEU_PK_BLK_PLASM4			2.55	378	561.219	0.67401	13.480	4.4	71.230	1:E,2	NO	
27	27	07182024_NEU_PK_LLOQ_2	QC	1.000	2.56	5729	39132.496	0.14641	2.928	0.9	1246.501	1:F,5	NO	-9.3
28	28	07182024_NEU_PK_LQC_2	QC	3.000	2.55	15474	38412.965	0.40282	8.056	2.6	1323.014	1:F,6	NO	-12.5
29	29	07182024_NEU_PK_MQC_2	QC	90.000	2.56	514011	36647.250	14.02592	280.518	94.0	32366.664	1:F,7	NO	4.4
30	30	07182024_NEU_PK_HQC_2	QC	180.000	2.56	1032098	36963.813	27.92186	558.437	187.2	28545.796	1:F,8	NO	4.0
31	31	07182024_NEU_PK_BLK_PLASM5			2.56	555	26.109	21.24865	424.973	142.4	68.146	1:E,2	NO	
32	32	07182024_NEU_PK_BLK_PLASM6			2.56	144	10.671	13.50773	270.155	90.5	19.472	1:E,2	NO	
33	33	07182024_NEU_7032_IP_5MG_MICE_PK_30MIN			2.56	7078	29712.648	0.23822	4.764	1.5	756.359	1:G,7	NO	
34	34	07182024_NEU_7032_IP_5MG_MICE_PK_1HR			2.55	86	31120.193	0.00275	0.055		19.284	1:G,8	NO	
35	35	07182024_NEU_7032_IP_5MG_MICE_PK_2HR			2.56	1718	30215.918	0.05687	1.137	0.3	407.813	1:G,9	NO	
36	36	07182024_NEU_PK_BLK_PLASM7			2.54	56	8.758	6.42121	128.424	43.0	6.333	1:E,2	NO	
37	37	07182024_NEU_PK_LLOQ_3	QC	1.000	2.56	5270	36837.461	0.14305	2.861	0.9	921.413	1:F,9	NO	-11.6
38	38	07182024_NEU_PK_LQC_3	QC	3.000	2.55	16293	36829.898	0.44238	8.848	2.9	1280.300	1:F,10	NO	-3.6
39	39	07182024_NEU_PK_MQC_3	QC	90.000	2.55	493461	36843.090	13.39360	267.872	89.7	21246.724	1:F,11	NO	-0.3
40	40	07182024_NEU_PK_HQC_3	QC	180.000	2.56	1095289	38449.789	28.48621	569.724	191.0	41751.911	1:F,12	NO	6.1
41	41	07182024_NEU_PK_BLK_PLASM8			2.56	345	13.576	25.41212	508.242	170.3	38.139	1:E,2	NO	
42	42	07182024_NEU_7369_IP_5MG_MICE_PK_30MIN			2.55	5415387	30734.816	176.19715	3523.943	1181.5	101266.472	1:G,10	NO	
43	43	07182024_NEU_7369_IP_5MG_MICE_PK_1HR			2.55	5334672	32992.852	161.69174	3233.835	1084.3	66722.359	1:G,11	NO	
44	44	07182024_NEU_7369_IP_5MG_MICE_PK_2HR			2.55	1665859	38920.211	42.80190	856.038	287.0	51893.892	1:G,12	NO	
45	45	07182024_NEU_PK_BLK_PLASM9			2.54	3721	9.377	396.77200	7935.440	2660.7	132.929	1:E,2	NO	
46	46	07182024_NEU_PK_LLOQ_2A	QC	1.000	2.55	5884	40801.148	0.14421	2.884	0.9	1331.904	1:F,9	NO	-10.8
47	47	07182024_NEU_PK_LQC_2A	QC	3.000	2.55	18140	40241.004	0.45078	9.016	2.9	2463.158	1:F,10	NO	-1.7
48	48	07182024_NEU_PK_MQC_2A	QC	90.000	2.55	524748	39449.016	13.30193	266.039	89.1	21636.545	1:F,11	NO	-1.0
49	49	07182024_NEU_PK_HQC_2A	QC	180.000	2.55	1199942	41875.988	28.65466	573.093	192.1	46784.396	1:F,12	NO	6.7
50	50	07182024_NEU_PK_BLK_PLASM10										1:E,2		
51	51	DILUTED SAMPLES												
52	52	07182024_NEU_BLK_ACN1A			2.55	724	17.047	42.45169	849.034	284.6	50.834	1:A,1	NO	
53	53	07182024_NEU_BLK_ACN2A			2.55	434	22.623	19.20072	384.014	128.7	68.129	1:A,1	NO	
54	54	07182024_NEU_7032_IP_5MG_MICE_PK_10X_30MIN			2.55	11643	37148.195	0.31342	6.268	2.0	1935.634	1:H,1	NO	
55	55	07182024_NEU_7032_IP_5MG_MICE_PK_10x_1HR			2.55	1574	36645.504	0.04297	0.859	0.2	241.885	1:H,2	NO	
56	56	07182024_NEU_7032_IP_5MG_MICE_PK_10x_2HR			2.55	1309	36393.715	0.03597	0.719	0.2	199.665	1:H,3	NO	
57	57	07182024_NEU_PK_BLK_PLASM13			2.56	65	23.148	2.80893	56.179	18.8	7.970	1:E,2	NO	
58	58	07182024_NEU_PK_LLOQ_1A	QC	1.000	2.55	6886	42757.313	0.16104	3.221	1.0	871.649	1:F,1	NO	0.5
59	59	07182024_NEU_PK_LQC_1A	QC	3.000	2.55	17161	41398.309	0.41452	8.290	2.7	2783.052	1:F,2	NO	-9.8
60	60	07182024_NEU_PK_MQC_1A	QC	90.000	2.55	535847	39726.891	13.48827	269.765	90.4	24049.801	1:F,3	NO	0.4
61	61	07182024_NEU_PK_HQC_1A	QC	180.000	2.55	1240820	42663.016	29.08422	581.684	195.0	35923.689	1:F,4	NO	8.3
62	62	07182024_NEU_PK_BLK_PLASM14			2.55	417	17.978	23.19691	463.938	155.5	35.186	1:E,2	NO	
63	63	07182024_NEU_7369_IP_5MG_MICE_PK_10x_30MIN			2.55	765490	35532.926	21.54311	430.862	144.4	58050.284	1:H,4	NO	
64	64	07182024_NEU_7369_IP_5MG_MICE_PK_10x_1HR			2.55	781531	35451.168	22.04527	440.905	147.8	28222.142	1:H,5	NO	
65	65	07182024_NEU_7369_IP_5MG_MICE_PK_10x_2HR			2.55	193202	37071.215	5.21165	104.233	34.9	20274.121	1:H,6	NO	
66	66	07182024_NEU_PK_BLK_PLASM15			2.55	566	8.000	70.72062	1414.412	474.2	31.239	1:E,2	NO	
67	67	07182024_NEU_PK_LLOQ_2A	QC	1.000	2.55	5884	40801.148	0.14421	2.884	0.9	1331.904	1:F,9	NO	-10.8
68	68	07182024_NEU_PK_LQC_2A	QC	3.000	2.55	18140	40241.004	0.45078	9.016	2.9	2463.158	1:F,10	NO	-1.7
69	69	07182024_NEU_PK_MQC_2A	QC	90.000	2.55	524748	39449.016	13.30193	266.039	89.1	21636.545	1:F,11	NO	-1.0
70	70	07182024_NEU_PK_HQC_2A	QC	180.000	2.55	1199942	41875.988	28.65466	573.093	192.1	46784.396	1:F,12	NO	6.7
71	71	07182024_NEU_PK_BLK_PLASM16			2.55	476	4.427	107.48023	2149.605	720.7	41.173	1:E,2	NO	
72	72	07182024_NEU_7032_DRUG_CONTENT_FORMULATION_1020x_1			2.56	891	37551.191	0.02373	0.475	0.1	123.196	1:B,1	NO	
73	73	07182024_NEU_7032_DRUG_CONTENT_FORMULATION_1020x_2			2.55	4256	37362.629	0.11392	2.278	0.7	730.607	1:B,2	NO	
74	74	07182024_NEU_7032_DRUG_CONTENT_FORMULATION_1020x_3			2.56	1781	36853.965	0.04831	0.966	0.2	282.248	1:B,3	NO	
75	75	07182024_NEU_7369_DRUG_CONTENT_FORMULATION_1020x_1			2.56	9822427	38107.031	257.75892	5155.178	1728.5	128783.886	1:B,4	NO	
76	76	07182024_NEU_7369_DRUG_CONTENT_FORMULATION_1020x_2			2.55	10543259	37370.113	282.13078	5642.616	1891.9	94625.575	1:B,5	NO	
77	77	07182024_NEU_7369_DRUG_CONTENT_FORMULATION_1020x_3			2.55	10825048	38582.129	280.57156	5611.431	1881.5	230258.364	1:B,6	NO	
78	78	07182024_NEU_BLK_ACN8			2.55	13156	9.394	1400.48212	28009.642	9391.8	479.700	1:A,1	NO	
79	79	07182024_NEU_BLK_ACN9			2.55	3151	3.963	795.23038	15904.608	5332.9	158.889	1:A,1	NO	
80	80	07182024_NEU_BLK_ACN10			2.55	1846	12.517	147.44643	2948.929	988.7	101.800	1:A,1	NO	

Compound 3:  VERAPAMIL

	#	Name	Type	Std. Conc	RT	Area	IS Area	Area Ratio	Response	Conc.	S/N	Vial	Conc. Dev. Flagged	%Dev
1	1	07182024_NEU_BLK_ACN1		20.000								1:A,1		
2	2	07182024_NEU_BLK_ACN2		20.000	2.46	43			42.987	0.0	6.350	1:A,1	NO	-99.9
3	3	07182024_NEU_BLK_ACN3		20.000								1:A,1		
4	4	07182024_NEU_SST1A		20.000	2.42	35066			35065.637	20.4	6609.503	1:E,4	NO	1.9
5	5	07182024_NEU_SST2A		20.000	2.42	34013			34012.875	19.8	7514.475	1:E,4	NO	-1.2
6	6	07182024_NEU_SST3A		20.000	2.42	33120			33119.914	19.2	10306.940	1:E,4	NO	-3.8
7	7	07182024_NEU_SST4A		20.000	2.42	33257			33257.398	19.3	12187.853	1:E,4	NO	-3.4
8	8	07182024_NEU_SST5A		20.000	2.42	33386			33386.211	19.4	10936.248	1:E,4	NO	-3.0
9	9	07182024_NEU_BLK_ACN4	Blank	20.000	2.43	19			19.236	0.0	4.475	1:A,1	NO	-99.9
10	10	07182024_NEU_PK_BLK_PLASMA1		20.000	2.42	25			24.528	0.0	6.099	1:E,2	NO	-99.9
11	11	07182024_NEU_PK_BLK_PLASMA_WITH_IS		20.000	2.42	34600			34600.398	20.1	5611.951	1:E,3	NO	0.5
12	12	07182024_NEU_PK_CS_PLASMA__1NG_1	Standard	20.000	2.42	33587			33587.129	19.5	8732.999	1:E,5	NO	-2.4
13	13	07182024_NEU_PK_CS_PLASMA__2NG_2	Standard	20.000	2.42	33114			33114.176	19.2	3539.701	1:E,6	NO	-3.8
14	14	07182024_NEU_PK_CS_PLASMA__5NG_3	Standard	20.000	2.42	33921			33920.789	19.7	7079.039	1:E,7	NO	-1.5
15	15	07182024_NEU_PK_CS_PLASMA__10NG_4	Standard	20.000	2.42	34527			34527.488	20.1	6135.996	1:E,8	NO	0.3
16	16	07182024_NEU_PK_CS_PLASMA__20NG_5	Standard	20.000	2.42	35243			35242.773	20.5	4908.526	1:E,9	NO	2.4
17	17	07182024_NEU_PK_CS_PLASMA__50NG_6	Standard	20.000	2.42	34934			34934.207	20.3	9272.707	1:E,10	NO	1.5
18	18	07182024_NEU_PK_CS_PLASMA__100NG_7	Standard	20.000	2.42	35081			35081.051	20.4	10063.661	1:E,11	NO	1.9
19	19	07182024_NEU_PK_CS_PLASMA__200NG_8	Standard	20.000	2.42	34964			34964.145	20.3	5627.588	1:E,12	NO	1.6
20	20	07182024_NEU_PK_BLK_PLASMA2		20.000	2.41	12			11.505	0.0	5.121	1:E,2	NO	-100.0
21	21	07182024_NEU_PK_LLOQ_1	QC	20.000	2.42	34764			34763.664	20.2	10972.466	1:F,1	NO	1.0
22	22	07182024_NEU_PK_LQC_1	QC	20.000	2.42	33840			33839.535	19.7	11246.608	1:F,2	NO	-1.7
23	23	07182024_NEU_PK_MQC_1	QC	20.000	2.42	33112			33111.543	19.2	8383.789	1:F,3	NO	-3.8
24	24	07182024_NEU_PK_HQC_1	QC	20.000	2.42	33601			33601.160	19.5	4980.694	1:F,4	NO	-2.4
25	25	07182024_NEU_PK_BLK_PLASM3		20.000	2.41	13			12.823	0.0	6.088	1:E,2	NO	-100.0
26	26	07182024_NEU_PK_BLK_PLASM4		20.000	2.41	561			561.219	0.3	105.559	1:E,2	NO	-98.4
27	27	07182024_NEU_PK_LLOQ_2	QC	20.000	2.41	39132			39132.496	22.7	4908.612	1:F,5	NO	13.7
28	28	07182024_NEU_PK_LQC_2	QC	20.000	2.41	38413			38412.965	22.3	10996.527	1:F,6	NO	11.6
29	29	07182024_NEU_PK_MQC_2	QC	20.000	2.42	36647			36647.250	21.3	7238.261	1:F,7	NO	6.5
30	30	07182024_NEU_PK_HQC_2	QC	20.000	2.41	36964			36963.813	21.5	11504.622	1:F,8	NO	7.4
31	31	07182024_NEU_PK_BLK_PLASM5		20.000	2.42	26			26.109	0.0	10.292	1:E,2	NO	-99.9
32	32	07182024_NEU_PK_BLK_PLASM6		20.000	2.42	11			10.671	0.0	3.098	1:E,2	NO	-100.0
33	33	07182024_NEU_7032_IP_5MG_MICE_PK_30MIN		20.000	2.42	29713			29712.648	17.3	9856.345	1:G,7	NO	-13.7
34	34	07182024_NEU_7032_IP_5MG_MICE_PK_1HR		20.000	2.41	31120			31120.193	18.1	6226.212	1:G,8	NO	-9.6
35	35	07182024_NEU_7032_IP_5MG_MICE_PK_2HR		20.000	2.42	30216			30215.918	17.6	6825.304	1:G,9	NO	-12.2
36	36	07182024_NEU_PK_BLK_PLASM7		20.000	2.43	9			8.758	0.0	5.538	1:E,2	NO	-100.0
37	37	07182024_NEU_PK_LLOQ_3	QC	20.000	2.42	36837			36837.461	21.4	10654.366	1:F,9	NO	7.0
38	38	07182024_NEU_PK_LQC_3	QC	20.000	2.41	36830			36829.898	21.4	14435.130	1:F,10	NO	7.0
39	39	07182024_NEU_PK_MQC_3	QC	20.000	2.41	36843			36843.090	21.4	8912.036	1:F,11	NO	7.0
40	40	07182024_NEU_PK_HQC_3	QC	20.000	2.42	38450			38449.789	22.3	7227.548	1:F,12	NO	11.7
41	41	07182024_NEU_PK_BLK_PLASM8		20.000	2.42	14			13.576	0.0	2.321	1:E,2	NO	-100.0
42	42	07182024_NEU_7369_IP_5MG_MICE_PK_30MIN		20.000	2.41	30735			30734.816	17.9	5304.099	1:G,10	NO	-10.7
43	43	07182024_NEU_7369_IP_5MG_MICE_PK_1HR		20.000	2.41	32993			32992.852	19.2	8257.716	1:G,11	NO	-4.2
44	44	07182024_NEU_7369_IP_5MG_MICE_PK_2HR		20.000	2.41	38920			38920.211	22.6	6917.671	1:G,12	NO	13.1
45	45	07182024_NEU_PK_BLK_PLASM9		20.000	2.41	9			9.377	0.0	5.520	1:E,2	NO	-100.0
46	46	07182024_NEU_PK_LLOQ_2A	QC	20.000	2.41	40801			40801.148	23.7	11749.207	1:F,9	NO	18.5
47	47	07182024_NEU_PK_LQC_2A	QC	20.000	2.41	40241			40241.004	23.4	11955.570	1:F,10	NO	16.9
48	48	07182024_NEU_PK_MQC_2A	QC	20.000	2.41	39449			39449.016	22.9	7849.854	1:F,11	NO	14.6
49	49	07182024_NEU_PK_HQC_2A	QC	20.000	2.41	41876			41875.988	24.3	7274.434	1:F,12	NO	21.7
50	50	07182024_NEU_PK_BLK_PLASM10		20.000								1:E,2		
51	51	DILUTED SAMPLES		20.000										
52	52	07182024_NEU_BLK_ACN1A		20.000	2.42	17			17.047	0.0	4.549	1:A,1	NO	-100.0
53	53	07182024_NEU_BLK_ACN2A		20.000	2.41	23			22.623	0.0	3.703	1:A,1	NO	-99.9
54	54	07182024_NEU_7032_IP_5MG_MICE_PK_10X_30MIN		20.000	2.41	37148			37148.195	21.6	9776.401	1:H,1	NO	7.9
55	55	07182024_NEU_7032_IP_5MG_MICE_PK_10x_1HR		20.000	2.41	36646			36645.504	21.3	3816.380	1:H,2	NO	6.5
56	56	07182024_NEU_7032_IP_5MG_MICE_PK_10x_2HR		20.000	2.41	36394			36393.715	21.1	8997.606	1:H,3	NO	5.7
57	57	07182024_NEU_PK_BLK_PLASM13		20.000	2.46	23			23.148	0.0	4.696	1:E,2	NO	-99.9
58	58	07182024_NEU_PK_LLOQ_1A	QC	20.000	2.41	42757			42757.313	24.8	7163.739	1:F,1	NO	24.2
59	59	07182024_NEU_PK_LQC_1A	QC	20.000	2.41	41398			41398.309	24.1	4730.146	1:F,2	NO	20.3
60	60	07182024_NEU_PK_MQC_1A	QC	20.000	2.41	39727			39726.891	23.1	9134.013	1:F,3	NO	15.4
61	61	07182024_NEU_PK_HQC_1A	QC	20.000	2.41	42663			42663.016	24.8	8739.059	1:F,4	NO	23.9
62	62	07182024_NEU_PK_BLK_PLASM14		20.000	2.41	18			17.978	0.0	5.889	1:E,2	NO	-99.9
63	63	07182024_NEU_7369_IP_5MG_MICE_PK_10x_30MIN		20.000	2.41	35533			35532.926	20.6	6649.424	1:H,4	NO	3.2
64	64	07182024_NEU_7369_IP_5MG_MICE_PK_10x_1HR		20.000	2.41	35451			35451.168	20.6	13494.726	1:H,5	NO	3.0
65	65	07182024_NEU_7369_IP_5MG_MICE_PK_10x_2HR		20.000	2.41	37071			37071.215	21.5	7260.081	1:H,6	NO	7.7
66	66	07182024_NEU_PK_BLK_PLASM15		20.000	2.41	8			8.000	0.0	1.785	1:E,2	NO	-100.0
67	67	07182024_NEU_PK_LLOQ_2A	QC	20.000	2.41	40801			40801.148	23.7	11749.207	1:F,9	NO	18.5
68	68	07182024_NEU_PK_LQC_2A	QC	20.000	2.41	40241			40241.004	23.4	11955.570	1:F,10	NO	16.9
69	69	07182024_NEU_PK_MQC_2A	QC	20.000	2.41	39449			39449.016	22.9	7849.854	1:F,11	NO	14.6
70	70	07182024_NEU_PK_HQC_2A	QC	20.000	2.41	41876			41875.988	24.3	7274.434	1:F,12	NO	21.7
71	71	07182024_NEU_PK_BLK_PLASM16		20.000	2.42	4			4.427	0.0	1.945	1:E,2	NO	-100.0
72	72	07182024_NEU_7032_DRUG_CONTENT_FORMULATION_1020x_1		20.000	2.41	37551			37551.191	21.8	9846.992	1:B,1	NO	9.1
73	73	07182024_NEU_7032_DRUG_CONTENT_FORMULATION_1020x_2		20.000	2.41	37363			37362.629	21.7	8708.114	1:B,2	NO	8.5
74	74	07182024_NEU_7032_DRUG_CONTENT_FORMULATION_1020x_3		20.000	2.42	36854			36853.965	21.4	9646.671	1:B,3	NO	7.1
75	75	07182024_NEU_7369_DRUG_CONTENT_FORMULATION_1020x_1		20.000	2.41	38107			38107.031	22.1	10378.320	1:B,4	NO	10.7
76	76	07182024_NEU_7369_DRUG_CONTENT_FORMULATION_1020x_2		20.000	2.41	37370			37370.113	21.7	10665.030	1:B,5	NO	8.6
77	77	07182024_NEU_7369_DRUG_CONTENT_FORMULATION_1020x_3		20.000	2.41	38582			38582.129	22.4	9024.375	1:B,6	NO	12.1
78	78	07182024_NEU_BLK_ACN8		20.000	2.41	9			9.394	0.0	6.351	1:A,1	NO	-100.0
79	79	07182024_NEU_BLK_ACN9		20.000	2.41	4			3.963	0.0	2.518	1:A,1	NO	-100.0
80	80	07182024_NEU_BLK_ACN10		20.000	2.42	13			12.517	0.0	3.139	1:A,1	NO	-100.0

