Quantify Compound Summary Report 

Printed Fri Nov 15 20:11:10 2024

Compound 1:  MITRAGYNINE

	#	Name	Type	Vial	Std. Conc	RT	Area	IS Area	Area Ratio	Response	Conc.	%Dev	Subject Text	S/N	Summary Flag Reason
1	1	112719_Female_MitragynineHCl_PK_CS0		2:H,10		2.11	756							10978.000	
2	2	112719_Female_MitragynineHCl_PK_CS0_IS		2:H,11		2.10	724	174355	0.004	0.042				10873.000	
3	3	112719_Female_MitragynineHCl_PK_CS1	Standard	1:A,1	1.000	2.10	7342	178638	0.041	0.411	1.06	5.6		23738.919	
4	4	112719_Female_MitragynineHCl_PK_CS2	Standard	1:A,2	2.500	2.10	13381	177223	0.076	0.755	2.27	-9.2		208338.000	
5	5	112719_Female_MitragynineHCl_PK_CS3	Standard	1:A,3	5.000	2.10	24423	175962	0.139	1.388	4.50	-9.9		378398.000	
6	6	112719_Female_MitragynineHCl_PK_CS4	Standard	1:A,4	20.000	2.10	81833	174938	0.468	4.678	16.12	-19.4		433225.364	
7	7	112719_Female_MitragynineHCl_PK_CS5	Standard	1:A,5	50.000	2.10	247374	175735	1.408	14.077	49.30	-1.4		3813686.000	
8	8	112719_Female_MitragynineHCl_PK_CS6	Standard	1:A,6	100.000	2.10	522725	178964	2.921	29.208	102.71	2.7		8037641.000	
9	9	112719_Female_MitragynineHCl_PK_CS7	Standard	1:A,7	150.000	2.10	794479	178363	4.454	44.543	156.84	4.6		12226274.000	
10	10	112719_Female_MitragynineHCl_PK_CS8	Standard	1:A,8	200.000	2.10	1100607	180152	6.109	61.093	215.27	7.6		16846816.000	
11	11	112719_Female_MitragynineHCl_PK_CS0_IS2		2:H,11		2.10	388	176969	0.002	0.022				5764.000	
12	12	112719_Female_MitragynineHCl_PK_LLOQ1	QC	1:A,9	1.000	2.10	14097	177286	0.080	0.795	2.41	141.2		218247.000	
13	13	112719_Female_MitragynineHCl_PK_LQC1	QC	1:A,10	3.000	2.10	15230	174282	0.087	0.874	2.69	-10.3		235608.000	
14	14	112719_Female_MitragynineHCl_PK_MQC1	QC	1:A,11	90.000	2.10	402533	178702	2.253	22.525	79.12	-12.1		6201637.000	
15	15	112719_Female_MitragynineHCl_PK_HQC1	QC	1:A,12	180.000	2.10	901061	179763	5.012	50.125	176.55	-1.9		13765745.000	
16	16	112719_R1_Mitra_F_PO50MPK_PreDose	Analyte	1:C,9		2.10	648	169775	0.004	0.038				9525.000	
17	17	112719_R1_Mitra_F_PO50MPK_5min_10X	Analyte	1:C,10		2.10	116589	169214	0.689	6.890	23.93			1789575.000	
18	18	112719_R1_Mitra_F_PO50MPK_10min_10X	Analyte	1:C,11		2.10	241236	168972	1.428	14.277	50.00			3705323.000	
19	19	112719_R1_Mitra_F_PO50MPK_15min_10X	Analyte	1:C,12		2.10	371157	177449	2.092	20.916	73.44			5748455.000	
20	20	112719_R1_Mitra_F_PO50MPK_30min_10X	Analyte	1:D,1		2.10	368044	179447	2.051	20.510	72.01			5673206.000	
21	21	112719_R1_Mitra_F_PO50MPK_45min_10X	Analyte	1:D,2		2.10	299283	169240	1.768	17.684	62.03			4550767.000	
22	22	112719_R1_Mitra_F_PO50MPK_60min_10X	Analyte	1:D,3		2.10	306017	169558	1.805	18.048	63.32			4611714.000	
23	23	112719_R1_Mitra_F_PO50MPK_2hr_10X	Analyte	1:D,4		2.10	423433	169303	2.501	25.010	87.89			1194649.733	
24	24	112719_R1_Mitra_F_PO50MPK_4hr_10X	Analyte	1:D,5		2.10	241144	169725	1.421	14.208	49.76			567695.359	
25	25	112719_R1_Mitra_F_PO50MPK_6hr_10X	Analyte	1:D,6		2.10	176825	168973	1.046	10.465	36.55			2679737.000	
26	26	112719_R1_Mitra_F_PO50MPK_8hr	Analyte	1:D,7		2.10	1589391	169799	9.360	93.604	330.04			23931778.000	
27	27	112719_R1_Mitra_F_PO50MPK_12hr	Analyte	1:D,8		2.10	1472836	169291	8.700	87.000	306.72			16005630.713	
28	28	112719_R1_Mitra_F_PO50MPK_24hr	Analyte	1:D,9		2.10	2338310	171087	13.667	136.674	482.08			1441090.702	
29	29	112719_R1_Mitra_F_PO50MPK_36hr	Analyte	1:D,10		2.10	2649246	170171	15.568	155.681	549.17			2003029.580	
30	30	112719_R1_Mitra_F_PO50MPK_48hr	Analyte	1:D,11		2.10	1399341	169339	8.264	82.635	291.31			20782126.000	
31	31	112719_R2_Mitra_F_PO50MPK_PreDose	Analyte	1:D,12		2.10	109867	180498	0.609	6.087	21.09			1668553.000	
32	32	112719_R2_Mitra_F_PO50MPK_5min_10X	Analyte	1:E,1		2.10	30672	177946	0.172	1.724	5.69			119713.405	
33	33	112719_R2_Mitra_F_PO50MPK_10min_10X	Analyte	1:E,2		2.10	163358	172605	0.946	9.464	33.01			471284.018	
34	34	112719_R2_Mitra_F_PO50MPK_15min_10X	Analyte	1:E,3		2.10	266177	173444	1.535	15.347	53.78			3956963.000	
35	35	112719_R2_Mitra_F_PO50MPK_30min_10X	Analyte	1:E,4		2.10	336856	167938	2.006	20.058	70.41			4986849.000	
36	36	112719_R2_Mitra_F_PO50MPK_45min_10X	Analyte	1:E,5		2.10	332086	169244	1.962	19.622	68.87			4902283.000	
37	37	112719_R2_Mitra_F_PO50MPK_60min_10X	Analyte	1:E,6		2.10	347759	167145	2.081	20.806	73.05			5142664.000	
38	38	112719_Female_MitragynineHCl_PK_LLOQ2	QC	1:B,1	1.000	2.10	7631	179801	0.042	0.424	1.10	10.3		114697.000	
39	39	112719_Female_MitragynineHCl_PK_LQC2	QC	1:B,2	3.000	2.10	16096	170769	0.094	0.943	2.93	-2.3		134294.760	
40	40	112719_Female_MitragynineHCl_PK_MQC2	QC	1:B,3	90.000	2.10	459785	171563	2.680	26.800	94.21	4.7		429957.863	
41	41	112719_Female_MitragynineHCl_PK_HQC2	QC	1:B,4	180.000	2.10	936395	170875	5.480	54.800	193.05	7.3		13738100.000	
42	42	112719_R2_Mitra_F_PO50MPK_2hr_10X	Analyte	1:E,7		2.10	424713	168655	2.518	25.182	88.50			6210508.000	
43	43	112719_R2_Mitra_F_PO50MPK_4hr_10X	Analyte	1:E,8		2.10	275532	170922	1.612	16.120	56.51			4038863.000	
44	44	112719_R2_Mitra_F_PO50MPK_6hr	Analyte	1:E,9		2.10	1914041	169434	11.297	112.967	398.39			27854968.000	
45	45	112719_R2_Mitra_F_PO50MPK_8hr	Analyte	1:E,10		2.10	1643266	171384	9.588	95.882	338.08			23960512.000	
46	46	112719_R2_Mitra_F_PO50MPK_12hr	Analyte	1:E,11		2.10	1867827	172660	10.818	108.180	381.49			4619003.859	
47	47	112719_R2_Mitra_F_PO50MPK_24hr	Analyte	1:E,12		2.10	3152856	177259	17.787	177.867	627.49			2436728.818	
48	48	112719_R2_Mitra_F_PO50MPK_36hr	Analyte	1:F,1		2.10	1588544	178847	8.882	88.821	313.15			23185462.000	
49	49	112719_R2_Mitra_F_PO50MPK_48hr	Analyte	1:F,2		2.10	640982	178186	3.597	35.973	126.59			9178476.000	
50	50	112719_R3_Mitra_F_PO50MPK_PreDose	Analyte	1:F,3		2.10	352	172118	0.002	0.020				253.949	
51	51	112719_R3_Mitra_F_PO50MPK_5min_10X	Analyte	1:F,4		2.10	7489	173764	0.043	0.431	1.13			108102.000	
52	52	112719_R3_Mitra_F_PO50MPK_10min_10X	Analyte	1:F,5		2.10	81277	172318	0.472	4.717	16.26			1156644.000	
53	53	112719_R3_Mitra_F_PO50MPK_15min_10X	Analyte	1:F,6		2.10	284154	174722	1.626	16.263	57.02			4080354.000	
54	54	112719_R3_Mitra_F_PO50MPK_30min_10X	Analyte	1:F,7		2.11	10928	168806	0.065	0.647	1.89			15118.168	
55	55	112719_R3_Mitra_F_PO50MPK_45min_10X	Analyte	1:F,8		2.11	413974	168560	2.456	24.560	86.30			5919528.000	
56	56	112719_R3_Mitra_F_PO50MPK_60min_10X	Analyte	1:F,9		2.11	324836	168813	1.924	19.242	67.53			4666599.000	
57	57	112719_R3_Mitra_F_PO50MPK_2hr_10X	Analyte	1:F,10		2.11	400275	168823	2.371	23.710	83.30			414060.105	
58	58	112719_R3_Mitra_F_PO50MPK_4hr_10X	Analyte	1:F,11		2.11	211200	174254	1.212	12.120	42.39			3033559.000	
59	59	112719_R3_Mitra_F_PO50MPK_6hr	Analyte	1:F,12		2.11	1527205	178164	8.572	85.719	302.20			21967038.000	
60	60	112719_R3_Mitra_F_PO50MPK_8hr	Analyte	1:G,1		2.11	1970834	177325	11.114	111.143	391.95			28471198.000	
61	61	112719_R3_Mitra_F_PO50MPK_12hr	Analyte	1:G,2		2.11	1709451	174821	9.778	97.783	344.79			24318056.000	
62	62	112719_R3_Mitra_F_PO50MPK_24hr_5X	Analyte	1:G,3		2.11	593315	172981	3.430	34.299	120.68			8472913.000	
63	63	112719_R3_Mitra_F_PO50MPK_36hr	Analyte	1:G,4		2.11	1731088	169198	10.231	102.311	360.77			24874920.000	
64	64	112719_R3_Mitra_F_PO50MPK_48hr	Analyte	1:G,5		2.11	682001	170299	4.005	40.047	140.97			9720053.000	
65	65	112719_Female_MitragynineHCl_PK_LLOQ3	QC	1:B,5	1.000	2.11	7190	174984	0.041	0.411	1.06	5.6		101412.000	
66	66	112719_Female_MitragynineHCl_PK_LQC3	QC	1:B,6	3.000	2.11	15601	176520	0.088	0.884	2.72	-9.2		221676.000	
67	67	112719_Female_MitragynineHCl_PK_MQC3	QC	1:B,7	90.000	2.11	453532	174901	2.593	25.931	91.14	1.3		6443292.000	
68	68	112719_Female_MitragynineHCl_PK_HQC3	QC	1:B,8	180.000	2.11	869130	173019	5.023	50.233	176.93	-1.7		12159890.000	
69	69	112719_R4_Mitra_F_PO50MPK_PreDose	Analyte	1:G,6		2.10	235	168799	0.001	0.014				2881.000	
70	70	112719_R4_Mitra_F_PO50MPK_5min_10X	Analyte	1:G,7		2.11	103163	170077	0.607	6.066	21.02			1447181.000	
71	71	112719_R4_Mitra_F_PO50MPK_10min_10X	Analyte	1:G,8		2.11	236895	168101	1.409	14.092	49.35			3322260.000	
72	72	112719_R4_Mitra_F_PO50MPK_15min_10X	Analyte	1:G,9		2.11	368103	166585	2.210	22.097	77.61			5157875.000	
73	73	112719_R4_Mitra_F_PO50MPK_30min_10X	Analyte	1:G,10		2.11	713079	170049	4.193	41.934	147.63			10047681.000	
74	74	112719_R4_Mitra_F_PO50MPK_45min_10X	Analyte	2:D,9		2.11	811519	164142	4.944	49.440	174.13			11302376.000	
75	75	112719_R4_Mitra_F_PO50MPK_60min_10X	Analyte	1:G,12		2.11	1800389	173472	10.379	103.785	365.98			25877028.000	
76	76	112719_R4_Mitra_F_PO50MPK_2hr_10X	Analyte	1:H,1		2.11	991640	177826	5.576	55.765	196.46			14098184.000	
77	77	112719_R4_Mitra_F_PO50MPK_4hr_10X	Analyte	1:H,2		2.11	594798	174930	3.400	34.002	119.63			8381874.000	
78	78	112719_R4_Mitra_F_PO50MPK_6hr	Analyte	1:H,3		2.11	4021813	175199	22.956	229.557	809.96			56101084.000	
79	79	112719_R4_Mitra_F_PO50MPK_8hr	Analyte	1:H,4		2.11	3766797	176080	21.393	213.925	754.78			52623916.000	
80	80	112719_R4_Mitra_F_PO50MPK_12hr	Analyte	1:H,5		2.11	3329604	173092	19.236	192.361	678.65			46472388.000	
81	81	112719_R4_Mitra_F_PO50MPK_24hr	Analyte	1:H,6		2.11	2413479	173558	13.906	139.059	490.49			33657644.000	
82	82	112719_R4_Mitra_F_PO50MPK_36hr	Analyte	1:H,7		2.11	1672379	173372	9.646	96.462	340.12			23310882.000	
83	83	112719_R4_Mitra_F_PO50MPK_48hr	Analyte	1:H,8		2.11	896847	174508	5.139	51.393	181.03			12569614.000	
84	84	112719_R5_Mitra_F_IP5MPK_PreDose	Analyte	1:H,9		2.12	125	173914	0.001	0.007				1245.000	
85	85	112719_R5_Mitra_F_IP5MPK_5min_10X	Analyte	1:H,10		2.11	145629	173537	0.839	8.392	29.23			2042487.000	
86	86	112719_R5_Mitra_F_IP5MPK_15min_10X	Analyte	1:H,11		2.11	153447	170537	0.900	8.998	31.37			2153708.000	
87	87	112719_R5_Mitra_F_IP5MPK_30min_10X	Analyte	1:H,12		2.11	153837	178028	0.864	8.641	30.11			2200503.000	
88	88	112719_R5_Mitra_F_IP5MPK_45min_5X	Analyte	2:A,1		2.11	210325	170150	1.236	12.361	43.24			778781.353	
89	89	112719_R5_Mitra_F_IP5MPK_60min_5X	Analyte	2:A,2		2.11	204786	166253	1.232	12.318	43.09			2837572.000	
90	90	112719_Female_MitragynineHCl_PK_LLOQ4	QC	1:B,9	1.000	2.11	7395	169177	0.044	0.437	1.15	14.8		101300.000	
91	91	112719_Female_MitragynineHCl_PK_LQC4	QC	1:B,10	3.000	2.11	16241	171555	0.095	0.947	2.95	-1.8		224059.000	
92	92	112719_Female_MitragynineHCl_PK_MQC4	QC	1:B,11	90.000	2.12	464963	170052	2.734	27.342	96.13	6.8		1142595.775	
93	93	112719_Female_MitragynineHCl_PK_HQC4	QC	1:B,12	180.000	2.11	1002814	177786	5.641	56.406	198.72	10.4		2125396.061	
94	94	112719_R5_Mitra_F_IP5MPK_2hr_5X	Analyte	2:A,3		2.11	179796	171510	1.048	10.483	36.61			2483249.000	
95	95	112719_R5_Mitra_F_IP5MPK_4hr_5X	Analyte	2:A,4		2.11	124850	174549	0.715	7.153	24.85			1745137.000	
96	96	112719_R5_Mitra_F_IP5MPK_12hr	Analyte	2:A,6		2.11	305704	179318	1.705	17.048	59.79			4211591.000	
97	97	112719_R5_Mitra_F_IP5MPK_18hr	Analyte	2:A,7		2.11	202144	179139	1.128	11.284	39.44			2815443.000	
98	98	112719_R5_Mitra_F_IP5MPK_24hr	Analyte	2:A,8		2.12	151378	178385	0.849	8.486	29.56			106133.822	
99	99	112719_R6_Mitra_F_IP5MPK_PreDose	Analyte	2:A,9		2.12	71	179064	0.000	0.004				1007.000	
100	100	112719_R6_Mitra_F_IP5MPK_5min_10X	Analyte	2:A,10		2.12	180317	174654	1.032	10.324	36.05			586612.458	
101	101	112719_R6_Mitra_F_IP5MPK_15min_10X	Analyte	2:A,11		2.12	166529	168237	0.990	9.898	34.55			2290434.000	
102	102	112719_R6_Mitra_F_IP5MPK_30min_10X	Analyte	2:A,12		2.12	137949	168961	0.816	8.165	28.43			1909003.000	
103	103	112719_R6_Mitra_F_IP5MPK_45min_5X	Analyte	2:B,1		2.12	198387	167035	1.188	11.877	41.53			777044.440	
104	104	112719_R6_Mitra_F_IP5MPK_60min_5X	Analyte	2:B,2		2.12	165662	161249	1.027	10.274	35.87			1124387.753	
105	105	112719_R6_Mitra_F_IP5MPK_2hr_5X	Analyte	2:B,3		2.12	118118	161585	0.731	7.310	25.41			1620173.000	
106	106	112719_R6_Mitra_F_IP5MPK_4hr_5X	Analyte	2:B,4		2.11	100559	163551	0.615	6.148	21.31			1386010.000	
107	107	112719_R6_Mitra_F_IP5MPK_8hr	Analyte	2:B,5		2.11	282495	166262	1.699	16.991	59.58			3819302.000	
108	108	112719_R6_Mitra_F_IP5MPK_12hr	Analyte	2:B,6		2.11	193075	170834	1.130	11.302	39.50			2605103.000	
109	109	112719_R6_Mitra_F_IP5MPK_18hr	Analyte	2:B,7		2.12	146836	168750	0.870	8.701	30.32			2000076.000	
110	110	112719_R6_Mitra_F_IP5MPK_24hr	Analyte	2:B,8		2.12	91341	167051	0.547	5.468	18.91			236007.042	
111	111	112719_R7_Mitra_F_IP5MPK_PreDose	Analyte	2:B,9		2.16	42	163771	0.000	0.003				387.000	
112	112	112719_R7_Mitra_F_IP5MPK_5min_10X	Analyte	2:B,10		2.12	169166	160852	1.052	10.517	36.73			2313064.000	
113	113	112719_R7_Mitra_F_IP5MPK_15min_10X	Analyte	2:B,11		2.11	183453	162308	1.130	11.303	39.50			2467175.000	
114	114	112719_Female_MitragynineHCl_PK_LLOQ5	QC	1:C,1	1.000	2.12	6529	179352	0.036	0.364	0.89	-11.0		89774.000	
115	115	112719_Female_MitragynineHCl_PK_LQC5	QC	1:C,2	3.000	2.12	14523	172095	0.084	0.844	2.58	-13.9		28112.970	
116	116	112719_Female_MitragynineHCl_PK_MQC5	QC	1:C,3	90.000	2.12	391963	171357	2.287	22.874	80.35	-10.7		5288996.000	
117	117	112719_Female_MitragynineHCl_PK_HQC5	QC	1:C,4	180.000	2.12	869349	171831	5.059	50.593	178.20	-1.0		490555.227	
118	118	112719_R7_Mitra_F_IP5MPK_30min_10X	Analyte	2:B,12		2.12	125484	166716	0.753	7.527	26.18			1723623.000	
119	119	112719_R7_Mitra_F_IP5MPK_45min_5X	Analyte	2:C,1		2.12	212235	173852	1.221	12.208	42.70			2894457.000	
120	120	112719_R7_Mitra_F_IP5MPK_60min_5X	Analyte	2:C,2		2.12	189229	161494	1.172	11.717	40.97			2550932.000	
121	121	112719_R7_Mitra_F_IP5MPK_2hr_5X	Analyte	2:C,3		2.12	129703	162408	0.799	7.986	27.80			1740785.000	
122	122	112719_R7_Mitra_F_IP5MPK_4hr_5X	Analyte	2:C,4		2.12	89026	165159	0.539	5.390	18.63			1197476.000	
123	123	112719_R7_Mitra_F_IP5MPK_8hr	Analyte	2:C,5		2.12	320360	163933	1.954	19.542	68.59			4296974.000	
124	124	112719_R7_Mitra_F_IP5MPK_12hr	Analyte	2:C,6		2.12	166473	165221	1.008	10.076	35.17			2219948.000	
125	125	112719_R7_Mitra_F_IP5MPK_18hr	Analyte	2:C,7		2.12	107828	161169	0.669	6.690	23.22			1447369.000	
126	126	112719_R7_Mitra_F_IP5MPK_24hr	Analyte	2:C,8		2.12	54609	161989	0.337	3.371	11.51			735677.000	
127	127	112719_R8_Mitra_F_IP5MPK_PreDose	Analyte	2:C,9		2.14	67	165379	0.000	0.004				862.000	
128	128	112719_R8_Mitra_F_IP5MPK_5min_10X	Analyte	2:C,10		2.12	134814	165827	0.813	8.130	28.30			1838546.000	
129	129	112719_R8_Mitra_F_IP5MPK_15min_10X	Analyte	2:C,11		2.12	117124	168279	0.696	6.960	24.17			1592202.000	
130	130	112719_R8_Mitra_F_IP5MPK_30min_10X	Analyte	2:C,12		2.12	94368	173290	0.545	5.446	18.83			1306544.000	
131	131	112719_R8_Mitra_F_IP5MPK_45min_5X	Analyte	2:D,1		2.12	182078	169087	1.077	10.768	37.62			2469032.000	
132	132	112719_R8_Mitra_F_IP5MPK_60min_5X	Analyte	2:D,2		2.12	139957	161047	0.869	8.690	30.28			1908915.000	
133	133	112719_R8_Mitra_F_IP5MPK_2hr_5X	Analyte	2:D,3		2.12	106262	163166	0.651	6.513	22.59			1427432.000	
134	134	112719_R8_Mitra_F_IP5MPK_4hr_5X	Analyte	2:D,4		2.12	72248	163249	0.443	4.426	15.23			984097.000	
135	135	112719_R8_Mitra_F_IP5MPK_8hr	Analyte	2:D,5		2.12	289556	162884	1.778	17.777	62.36			2414963.000	
136	136	112719_R8_Mitra_F_IP5MPK_12hr	Analyte	2:D,6		2.12	245214	162433	1.510	15.096	52.90			3326925.000	
137	137	112719_R8_Mitra_F_IP5MPK_18hr	Analyte	2:D,7		2.12	199940	160165	1.248	12.483	43.67			2707893.000	
138	138	112719_R8_Mitra_F_IP5MPK_24hr	Analyte	2:D,8		2.12	195900	159644	1.227	12.271	42.92			2630513.000	
139	139	112719_Female_MitragynineHCl_PK_LLOQ6	QC	1:C,5	1.000	2.12	6783	166711	0.041	0.407	1.04	4.1		91924.000	
140	140	112719_Female_MitragynineHCl_PK_LQC6	QC	1:C,6	3.000	2.12	15279	170941	0.089	0.894	2.76	-8.0		12285.721	
141	141	112719_Female_MitragynineHCl_PK_MQC6	QC	1:C,7	90.000	2.12	429767	167844	2.561	25.605	89.99	-0.0		5734403.000	
142	142	112719_Female_MitragynineHCl_PK_HQC6	QC	1:C,8	180.000	2.12	941248	169642	5.548	55.485	195.47	8.6		12568492.000	

Compound 2:  7OH-MITRA

	#	Name	Type	Vial	Std. Conc	RT	Area	IS Area	Area Ratio	Response	Conc.	%Dev	Subject Text	S/N	Summary Flag Reason
1	1	112719_Female_MitragynineHCl_PK_CS0		2:H,10		0.95	39							302.000	
2	2	112719_Female_MitragynineHCl_PK_CS0_IS		2:H,11		0.93	24	174355	0.000	0.001	0.20			221.000	
3	3	112719_Female_MitragynineHCl_PK_CS1	Standard	1:A,1	1.000	0.91	533	178638	0.003	0.030	1.04	4.1		7294.000	
4	4	112719_Female_MitragynineHCl_PK_CS2	Standard	1:A,2	2.500	0.90	1307	177223	0.007	0.074	2.33	-6.7		6438.627	
5	5	112719_Female_MitragynineHCl_PK_CS3	Standard	1:A,3	5.000	0.90	2759	175962	0.016	0.157	4.78	-4.5		39664.000	
6	6	112719_Female_MitragynineHCl_PK_CS4	Standard	1:A,4	20.000	0.90	10164	174938	0.058	0.581	17.26	-13.7		146059.000	
7	7	112719_Female_MitragynineHCl_PK_CS5	Standard	1:A,5	50.000	0.90	30069	175735	0.171	1.711	50.50	1.0		427459.000	
8	8	112719_Female_MitragynineHCl_PK_CS6	Standard	1:A,6	100.000	0.90	63436	178964	0.354	3.545	104.45	4.4		898836.000	
9	9	112719_Female_MitragynineHCl_PK_CS7	Standard	1:A,7	150.000	0.91	95535	178363	0.536	5.356	157.75	5.2		1362580.000	
10	10	112719_Female_MitragynineHCl_PK_CS8	Standard	1:A,8	200.000	0.90	134822	180152	0.748	7.484	220.34	10.2		1931264.000	
11	11	112719_Female_MitragynineHCl_PK_CS0_IS2		2:H,11		0.87	13	176969	0.000	0.001	0.18			219.000	
12	12	112719_Female_MitragynineHCl_PK_LLOQ1	QC	1:A,9	1.000	0.90	599	177286	0.003	0.034	1.16	15.6		8487.000	
13	13	112719_Female_MitragynineHCl_PK_LQC1	QC	1:A,10	3.000	0.90	1684	174282	0.010	0.097	3.01	0.2		23833.000	
14	14	112719_Female_MitragynineHCl_PK_MQC1	QC	1:A,11	90.000	0.91	49821	178702	0.279	2.788	82.19	-8.7		186920.430	
15	15	112719_Female_MitragynineHCl_PK_HQC1	QC	1:A,12	180.000	0.90	112772	179763	0.627	6.273	184.73	2.6		1604858.000	
16	16	112719_R1_Mitra_F_PO50MPK_PreDose	Analyte	1:C,9		0.90	17	169775	0.000	0.001	0.19			27.267	
17	17	112719_R1_Mitra_F_PO50MPK_5min_10X	Analyte	1:C,10		0.90	608	169214	0.004	0.036	1.22			8345.000	
18	18	112719_R1_Mitra_F_PO50MPK_10min_10X	Analyte	1:C,11		0.91	1637	168972	0.010	0.097	3.01			23255.000	
19	19	112719_R1_Mitra_F_PO50MPK_15min_10X	Analyte	1:C,12		0.91	3117	177449	0.018	0.176	5.33			44116.000	
20	20	112719_R1_Mitra_F_PO50MPK_30min_10X	Analyte	1:D,1		0.91	2782	179447	0.016	0.155	4.72			39706.000	
21	21	112719_R1_Mitra_F_PO50MPK_45min_10X	Analyte	1:D,2		0.90	2433	169240	0.014	0.144	4.39			34205.000	
22	22	112719_R1_Mitra_F_PO50MPK_60min_10X	Analyte	1:D,3		0.90	2365	169558	0.014	0.139	4.27			32869.000	
23	23	112719_R1_Mitra_F_PO50MPK_2hr_10X	Analyte	1:D,4		0.90	3035	169303	0.018	0.179	5.44			43110.000	
24	24	112719_R1_Mitra_F_PO50MPK_4hr_10X	Analyte	1:D,5		0.90	1691	169725	0.010	0.100	3.09			23572.000	
25	25	112719_R1_Mitra_F_PO50MPK_6hr_10X	Analyte	1:D,6		0.90	1218	168973	0.007	0.072	2.28			17739.000	
26	26	112719_R1_Mitra_F_PO50MPK_8hr	Analyte	1:D,7		0.91	12078	169799	0.071	0.711	21.09			159917.000	
27	27	112719_R1_Mitra_F_PO50MPK_12hr	Analyte	1:D,8		0.91	10944	169291	0.065	0.646	19.18			147387.000	
28	28	112719_R1_Mitra_F_PO50MPK_24hr	Analyte	1:D,9		0.91	23519	171087	0.137	1.375	40.61			319728.000	
29	29	112719_R1_Mitra_F_PO50MPK_36hr	Analyte	1:D,10		0.91	23242	170171	0.137	1.366	40.35			134638.373	
30	30	112719_R1_Mitra_F_PO50MPK_48hr	Analyte	1:D,11		0.90	15056	169339	0.089	0.889	26.32			200983.000	
31	31	112719_R2_Mitra_F_PO50MPK_PreDose	Analyte	1:D,12		0.90	221	180498	0.001	0.012	0.52			271.546	
32	32	112719_R2_Mitra_F_PO50MPK_5min_10X	Analyte	1:E,1		0.91	174	177946	0.001	0.010	0.45			297.122	
33	33	112719_R2_Mitra_F_PO50MPK_10min_10X	Analyte	1:E,2		0.90	1447	172605	0.008	0.084	2.63			19513.000	
34	34	112719_R2_Mitra_F_PO50MPK_15min_10X	Analyte	1:E,3		0.91	2465	173444	0.014	0.142	4.34			34543.000	
35	35	112719_R2_Mitra_F_PO50MPK_30min_10X	Analyte	1:E,4		0.90	3407	167938	0.020	0.203	6.13			46493.000	
36	36	112719_R2_Mitra_F_PO50MPK_45min_10X	Analyte	1:E,5		0.90	3555	169244	0.021	0.210	6.34			48157.000	
37	37	112719_R2_Mitra_F_PO50MPK_60min_10X	Analyte	1:E,6		0.90	3795	167145	0.023	0.227	6.84			52469.000	
38	38	112719_Female_MitragynineHCl_PK_LLOQ2	QC	1:B,1	1.000	0.90	626	179801	0.003	0.035	1.19	18.6		8200.000	
39	39	112719_Female_MitragynineHCl_PK_LQC2	QC	1:B,2	3.000	0.91	1771	170769	0.010	0.104	3.21	7.1		18968.100	
40	40	112719_Female_MitragynineHCl_PK_MQC2	QC	1:B,3	90.000	0.90	55601	171563	0.324	3.241	95.51	6.1		768993.000	
41	41	112719_Female_MitragynineHCl_PK_HQC2	QC	1:B,4	180.000	0.90	112964	170875	0.661	6.611	194.66	8.1		1559707.000	
42	42	112719_R2_Mitra_F_PO50MPK_2hr_10X	Analyte	1:E,7		0.90	4362	168655	0.026	0.259	7.77			60221.000	
43	43	112719_R2_Mitra_F_PO50MPK_4hr_10X	Analyte	1:E,8		0.91	2603	170922	0.015	0.152	4.64			35059.000	
44	44	112719_R2_Mitra_F_PO50MPK_6hr	Analyte	1:E,9		0.91	20861	169434	0.123	1.231	36.39			278013.000	
45	45	112719_R2_Mitra_F_PO50MPK_8hr	Analyte	1:E,10		0.90	18044	171384	0.105	1.053	31.14			242737.000	
46	46	112719_R2_Mitra_F_PO50MPK_12hr	Analyte	1:E,11		0.90	24718	172660	0.143	1.432	42.28			328998.000	
47	47	112719_R2_Mitra_F_PO50MPK_24hr	Analyte	1:E,12		0.91	38881	177259	0.219	2.193	64.70			521616.000	
48	48	112719_R2_Mitra_F_PO50MPK_36hr	Analyte	1:F,1		0.90	17751	178847	0.099	0.993	29.36			51374.835	
49	49	112719_R2_Mitra_F_PO50MPK_48hr	Analyte	1:F,2		0.90	6473	178186	0.036	0.363	10.85			86017.000	
50	50	112719_R3_Mitra_F_PO50MPK_PreDose	Analyte	1:F,3		0.90	41	172118	0.000	0.002	0.23			349.000	
51	51	112719_R3_Mitra_F_PO50MPK_5min_10X	Analyte	1:F,4		0.90	24	173764	0.000	0.001	0.20			274.000	
52	52	112719_R3_Mitra_F_PO50MPK_10min_10X	Analyte	1:F,5		0.90	437	172318	0.003	0.025	0.91			5606.000	
53	53	112719_R3_Mitra_F_PO50MPK_15min_10X	Analyte	1:F,6		0.90	1463	174722	0.008	0.084	2.63			19977.000	
54	54	112719_R3_Mitra_F_PO50MPK_30min_10X	Analyte	1:F,7		0.90	145	168806	0.001	0.009	0.41			1631.000	
55	55	112719_R3_Mitra_F_PO50MPK_45min_10X	Analyte	1:F,8		0.91	2166	168560	0.013	0.128	3.94			28295.000	
56	56	112719_R3_Mitra_F_PO50MPK_60min_10X	Analyte	1:F,9		0.91	1815	168813	0.011	0.108	3.33			24068.000	
57	57	112719_R3_Mitra_F_PO50MPK_2hr_10X	Analyte	1:F,10		0.91	2144	168823	0.013	0.127	3.90			28219.000	
58	58	112719_R3_Mitra_F_PO50MPK_4hr_10X	Analyte	1:F,11		0.90	943	174254	0.005	0.054	1.75			1161.013	
59	59	112719_R3_Mitra_F_PO50MPK_6hr	Analyte	1:F,12		0.90	8315	178164	0.047	0.467	13.89			107899.000	
60	60	112719_R3_Mitra_F_PO50MPK_8hr	Analyte	1:G,1		0.91	10850	177325	0.061	0.612	18.17			144650.000	
61	61	112719_R3_Mitra_F_PO50MPK_12hr	Analyte	1:G,2		0.91	10743	174821	0.061	0.615	18.24			136439.000	
62	62	112719_R3_Mitra_F_PO50MPK_24hr_5X	Analyte	1:G,3		0.90	4404	172981	0.025	0.255	7.65			60501.000	
63	63	112719_R3_Mitra_F_PO50MPK_36hr	Analyte	1:G,4		0.90	14586	169198	0.086	0.862	25.53			198707.000	
64	64	112719_R3_Mitra_F_PO50MPK_48hr	Analyte	1:G,5		0.90	5419	170299	0.032	0.318	9.53			71068.000	
65	65	112719_Female_MitragynineHCl_PK_LLOQ3	QC	1:B,5	1.000	0.90	632	174984	0.004	0.036	1.23	22.5		1476.045	
66	66	112719_Female_MitragynineHCl_PK_LQC3	QC	1:B,6	3.000	0.90	1659	176520	0.009	0.094	2.93	-2.4		22860.000	
67	67	112719_Female_MitragynineHCl_PK_MQC3	QC	1:B,7	90.000	0.90	56019	174901	0.320	3.203	94.39	4.9		762888.000	
68	68	112719_Female_MitragynineHCl_PK_HQC3	QC	1:B,8	180.000	0.90	107238	173019	0.620	6.198	182.51	1.4		1433293.000	
69	69	112719_R4_Mitra_F_PO50MPK_PreDose	Analyte	1:G,6		0.88	13	168799	0.000	0.001	0.19			177.000	
70	70	112719_R4_Mitra_F_PO50MPK_5min_10X	Analyte	1:G,7		0.92	253	170077	0.001	0.015	0.60			3105.000	
71	71	112719_R4_Mitra_F_PO50MPK_10min_10X	Analyte	1:G,8		0.91	1400	168101	0.008	0.083	2.61			18364.000	
72	72	112719_R4_Mitra_F_PO50MPK_15min_10X	Analyte	1:G,9		0.90	2697	166585	0.016	0.162	4.93			4537.978	
73	73	112719_R4_Mitra_F_PO50MPK_30min_10X	Analyte	1:G,10		0.90	5079	170049	0.030	0.299	8.95			67700.000	
74	74	112719_R4_Mitra_F_PO50MPK_45min_10X	Analyte	2:D,9		0.90	6315	164142	0.038	0.385	11.48			83680.000	
75	75	112719_R4_Mitra_F_PO50MPK_60min_10X	Analyte	1:G,12		0.90	13642	173472	0.079	0.786	23.30			187518.000	
76	76	112719_R4_Mitra_F_PO50MPK_2hr_10X	Analyte	1:H,1		0.91	7013	177826	0.039	0.394	11.77			94518.000	
77	77	112719_R4_Mitra_F_PO50MPK_4hr_10X	Analyte	1:H,2		0.90	4165	174930	0.024	0.238	7.17			15164.821	
78	78	112719_R4_Mitra_F_PO50MPK_6hr	Analyte	1:H,3		0.91	37150	175199	0.212	2.120	62.55			483903.000	
79	79	112719_R4_Mitra_F_PO50MPK_8hr	Analyte	1:H,4		0.91	39890	176080	0.227	2.265	66.81			521513.000	
80	80	112719_R4_Mitra_F_PO50MPK_12hr	Analyte	1:H,5		0.91	41947	173092	0.242	2.423	71.46			554227.000	
81	81	112719_R4_Mitra_F_PO50MPK_24hr	Analyte	1:H,6		0.91	34232	173558	0.197	1.972	58.19			456516.000	
82	82	112719_R4_Mitra_F_PO50MPK_36hr	Analyte	1:H,7		0.91	21227	173372	0.122	1.224	36.18			276977.000	
83	83	112719_R4_Mitra_F_PO50MPK_48hr	Analyte	1:H,8		0.90	9686	174508	0.056	0.555	16.49			123993.000	
84	84	112719_R5_Mitra_F_IP5MPK_PreDose	Analyte	1:H,9		0.94	34	173914	0.000	0.002	0.22			31.192	
85	85	112719_R5_Mitra_F_IP5MPK_5min_10X	Analyte	1:H,10		0.90	167	173537	0.001	0.010	0.45			1854.000	
86	86	112719_R5_Mitra_F_IP5MPK_15min_10X	Analyte	1:H,11		0.91	425	170537	0.002	0.025	0.90			5709.000	
87	87	112719_R5_Mitra_F_IP5MPK_30min_10X	Analyte	1:H,12		0.91	750	178028	0.004	0.042	1.40			9435.000	
88	88	112719_R5_Mitra_F_IP5MPK_45min_5X	Analyte	2:A,1		0.90	1285	170150	0.008	0.076	2.39			17072.000	
89	89	112719_R5_Mitra_F_IP5MPK_60min_5X	Analyte	2:A,2		0.90	1409	166253	0.008	0.085	2.66			17994.000	
90	90	112719_Female_MitragynineHCl_PK_LLOQ4	QC	1:B,9	1.000	0.90	623	169177	0.004	0.037	1.25	24.6		7947.000	
91	91	112719_Female_MitragynineHCl_PK_LQC4	QC	1:B,10	3.000	0.91	1866	171555	0.011	0.109	3.36	12.1		3583.188	
92	92	112719_Female_MitragynineHCl_PK_MQC4	QC	1:B,11	90.000	0.90	55960	170052	0.329	3.291	96.98	7.8		734200.000	
93	93	112719_Female_MitragynineHCl_PK_HQC4	QC	1:B,12	180.000	0.90	120233	177786	0.676	6.763	199.13	10.6		1592879.000	
94	94	112719_R5_Mitra_F_IP5MPK_2hr_5X	Analyte	2:A,3		0.90	1350	171510	0.008	0.079	2.48			16890.000	
95	95	112719_R5_Mitra_F_IP5MPK_4hr_5X	Analyte	2:A,4		0.91	1110	174549	0.006	0.064	2.03			1214.277	
96	96	112719_R5_Mitra_F_IP5MPK_12hr	Analyte	2:A,6		0.90	2810	179318	0.016	0.157	4.77			35402.000	
97	97	112719_R5_Mitra_F_IP5MPK_18hr	Analyte	2:A,7		0.90	2003	179139	0.011	0.112	3.45			6059.103	
98	98	112719_R5_Mitra_F_IP5MPK_24hr	Analyte	2:A,8		0.91	1660	178385	0.009	0.093	2.90			21461.000	
99	99	112719_R6_Mitra_F_IP5MPK_PreDose	Analyte	2:A,9		0.93	14	179064	0.000	0.001	0.19			134.000	
100	100	112719_R6_Mitra_F_IP5MPK_5min_10X	Analyte	2:A,10		0.90	232	174654	0.001	0.013	0.55			2650.000	
101	101	112719_R6_Mitra_F_IP5MPK_15min_10X	Analyte	2:A,11		0.91	430	168237	0.003	0.026	0.92			5027.000	
102	102	112719_R6_Mitra_F_IP5MPK_30min_10X	Analyte	2:A,12		0.90	473	168961	0.003	0.028	0.99			6024.000	
103	103	112719_R6_Mitra_F_IP5MPK_45min_5X	Analyte	2:B,1		0.91	759	167035	0.005	0.045	1.50			9483.000	
104	104	112719_R6_Mitra_F_IP5MPK_60min_5X	Analyte	2:B,2		0.91	689	161249	0.004	0.043	1.42			8818.000	
105	105	112719_R6_Mitra_F_IP5MPK_2hr_5X	Analyte	2:B,3		0.91	517	161585	0.003	0.032	1.10			1250.353	
106	106	112719_R6_Mitra_F_IP5MPK_4hr_5X	Analyte	2:B,4		0.92	354	163551	0.002	0.022	0.80			4350.000	
107	107	112719_R6_Mitra_F_IP5MPK_8hr	Analyte	2:B,5		0.91	1073	166262	0.006	0.065	2.06			12515.000	
108	108	112719_R6_Mitra_F_IP5MPK_12hr	Analyte	2:B,6		0.90	699	170834	0.004	0.041	1.37			8819.000	
109	109	112719_R6_Mitra_F_IP5MPK_18hr	Analyte	2:B,7		0.91	505	168750	0.003	0.030	1.04			5926.000	
110	110	112719_R6_Mitra_F_IP5MPK_24hr	Analyte	2:B,8		0.91	298	167051	0.002	0.018	0.69			3430.000	
111	111	112719_R7_Mitra_F_IP5MPK_PreDose	Analyte	2:B,9		0.84	5	163771	0.000	0.000	0.17			67.000	
112	112	112719_R7_Mitra_F_IP5MPK_5min_10X	Analyte	2:B,10		0.90	279	160852	0.002	0.017	0.67			3401.000	
113	113	112719_R7_Mitra_F_IP5MPK_15min_10X	Analyte	2:B,11		0.90	406	162308	0.003	0.025	0.90			4728.000	
114	114	112719_Female_MitragynineHCl_PK_LLOQ5	QC	1:C,1	1.000	0.91	595	179352	0.003	0.033	1.14	13.9		7010.000	
115	115	112719_Female_MitragynineHCl_PK_LQC5	QC	1:C,2	3.000	0.91	1594	172095	0.009	0.093	2.89	-3.8		2225.239	
116	116	112719_Female_MitragynineHCl_PK_MQC5	QC	1:C,3	90.000	0.90	47925	171357	0.280	2.797	82.45	-8.4		607296.000	
117	117	112719_Female_MitragynineHCl_PK_HQC5	QC	1:C,4	180.000	0.90	107123	171831	0.623	6.234	183.58	2.0		1358911.000	
118	118	112719_R7_Mitra_F_IP5MPK_30min_10X	Analyte	2:B,12		0.91	382	166716	0.002	0.023	0.84			4829.000	
119	119	112719_R7_Mitra_F_IP5MPK_45min_5X	Analyte	2:C,1		0.90	778	173852	0.004	0.045	1.48			9336.000	
120	120	112719_R7_Mitra_F_IP5MPK_60min_5X	Analyte	2:C,2		0.91	640	161494	0.004	0.040	1.33			1137.411	
121	121	112719_R7_Mitra_F_IP5MPK_2hr_5X	Analyte	2:C,3		0.91	440	162408	0.003	0.027	0.96			5271.000	
122	122	112719_R7_Mitra_F_IP5MPK_4hr_5X	Analyte	2:C,4		0.91	331	165159	0.002	0.020	0.75			3619.000	
123	123	112719_R7_Mitra_F_IP5MPK_8hr	Analyte	2:C,5		0.91	1104	163933	0.007	0.067	2.14			12702.000	
124	124	112719_R7_Mitra_F_IP5MPK_12hr	Analyte	2:C,6		0.91	627	165221	0.004	0.038	1.28			7493.000	
125	125	112719_R7_Mitra_F_IP5MPK_18hr	Analyte	2:C,7		0.90	366	161169	0.002	0.023	0.83			285.976	
126	126	112719_R7_Mitra_F_IP5MPK_24hr	Analyte	2:C,8		0.91	157	161989	0.001	0.010	0.45			150.299	
127	127	112719_R8_Mitra_F_IP5MPK_PreDose	Analyte	2:C,9		0.86	15	165379	0.000	0.001	0.19			245.000	
128	128	112719_R8_Mitra_F_IP5MPK_5min_10X	Analyte	2:C,10		0.90	163	165827	0.001	0.010	0.45			154.865	
129	129	112719_R8_Mitra_F_IP5MPK_15min_10X	Analyte	2:C,11		0.92	285	168279	0.002	0.017	0.66			3278.000	
130	130	112719_R8_Mitra_F_IP5MPK_30min_10X	Analyte	2:C,12		0.91	370	173290	0.002	0.021	0.79			4507.000	
131	131	112719_R8_Mitra_F_IP5MPK_45min_5X	Analyte	2:D,1		0.91	848	169087	0.005	0.050	1.64			9774.000	
132	132	112719_R8_Mitra_F_IP5MPK_60min_5X	Analyte	2:D,2		0.90	645	161047	0.004	0.040	1.34			8152.000	
133	133	112719_R8_Mitra_F_IP5MPK_2hr_5X	Analyte	2:D,3		0.90	538	163166	0.003	0.033	1.13			6259.000	
134	134	112719_R8_Mitra_F_IP5MPK_4hr_5X	Analyte	2:D,4		0.92	356	163249	0.002	0.022	0.81			4094.000	
135	135	112719_R8_Mitra_F_IP5MPK_8hr	Analyte	2:D,5		0.91	1593	162884	0.010	0.098	3.04			18249.000	
136	136	112719_R8_Mitra_F_IP5MPK_12hr	Analyte	2:D,6		0.91	1288	162433	0.008	0.079	2.50			14897.000	
137	137	112719_R8_Mitra_F_IP5MPK_18hr	Analyte	2:D,7		0.91	1080	160165	0.007	0.067	2.15			11719.000	
138	138	112719_R8_Mitra_F_IP5MPK_24hr	Analyte	2:D,8		0.91	1175	159644	0.007	0.074	2.33			12331.000	
139	139	112719_Female_MitragynineHCl_PK_LLOQ6	QC	1:C,5	1.000	0.91	591	166711	0.004	0.035	1.21	20.6		6858.000	
140	140	112719_Female_MitragynineHCl_PK_LQC6	QC	1:C,6	3.000	0.91	1622	170941	0.009	0.095	2.95	-1.5		19293.000	
141	141	112719_Female_MitragynineHCl_PK_MQC6	QC	1:C,7	90.000	0.92	52312	167844	0.312	3.117	91.86	2.1		96186.570	
142	142	112719_Female_MitragynineHCl_PK_HQC6	QC	1:C,8	180.000	0.91	113713	169642	0.670	6.703	197.38	9.7		1387635.000	

Compound 3:  IS_VRPML

	#	Name	Type	Vial	Std. Conc	RT	Area	IS Area	Area Ratio	Response	Conc.	%Dev	Subject Text	S/N	Summary Flag Reason
1	1	112719_Female_MitragynineHCl_PK_CS0		2:H,10	10.000										
2	2	112719_Female_MitragynineHCl_PK_CS0_IS		2:H,11	10.000	2.74	174355			174354.547	9.82	-1.8		2936515.000	
3	3	112719_Female_MitragynineHCl_PK_CS1	Standard	1:A,1	10.000	2.74	178638			178637.703	10.06	0.6		2996553.000	
4	4	112719_Female_MitragynineHCl_PK_CS2	Standard	1:A,2	10.000	2.74	177223			177222.750	9.98	-0.2		2957807.000	
5	5	112719_Female_MitragynineHCl_PK_CS3	Standard	1:A,3	10.000	2.73	175962			175962.094	9.91	-0.9		2925709.000	
6	6	112719_Female_MitragynineHCl_PK_CS4	Standard	1:A,4	10.000	2.73	174938			174938.000	9.86	-1.4		2907612.000	
7	7	112719_Female_MitragynineHCl_PK_CS5	Standard	1:A,5	10.000	2.73	175735			175734.828	9.90	-1.0		2927430.000	
8	8	112719_Female_MitragynineHCl_PK_CS6	Standard	1:A,6	10.000	2.73	178964			178964.453	10.08	0.8		2979774.000	
9	9	112719_Female_MitragynineHCl_PK_CS7	Standard	1:A,7	10.000	2.73	178363			178363.156	10.05	0.5		587837.263	
10	10	112719_Female_MitragynineHCl_PK_CS8	Standard	1:A,8	10.000	2.73	180152			180152.484	10.15	1.5		3007110.000	
11	11	112719_Female_MitragynineHCl_PK_CS0_IS2		2:H,11	10.000	2.74	176969			176969.000	9.97	-0.3		2957535.000	
12	12	112719_Female_MitragynineHCl_PK_LLOQ1	QC	1:A,9	10.000	2.74	177286			177286.172	9.99	-0.1		2936964.000	
13	13	112719_Female_MitragynineHCl_PK_LQC1	QC	1:A,10	10.000	2.74	174282			174282.016	9.82	-1.8		2895585.000	
14	14	112719_Female_MitragynineHCl_PK_MQC1	QC	1:A,11	10.000	2.74	178702			178701.531	10.07	0.7		2977405.000	
15	15	112719_Female_MitragynineHCl_PK_HQC1	QC	1:A,12	10.000	2.74	179763			179763.375	10.13	1.3		2972510.000	
16	16	112719_R1_Mitra_F_PO50MPK_PreDose	Analyte	1:C,9	10.000	2.74	169775			169774.781	9.56	-4.4		2815186.000	
17	17	112719_R1_Mitra_F_PO50MPK_5min_10X	Analyte	1:C,10	10.000	2.74	169214			169214.234	9.53	-4.7		2804880.000	
18	18	112719_R1_Mitra_F_PO50MPK_10min_10X	Analyte	1:C,11	10.000	2.74	168972			168972.188	9.52	-4.8		2800187.000	
19	19	112719_R1_Mitra_F_PO50MPK_15min_10X	Analyte	1:C,12	10.000	2.74	177449			177449.469	10.00	-0.0		2943794.000	
20	20	112719_R1_Mitra_F_PO50MPK_30min_10X	Analyte	1:D,1	10.000	2.74	179447			179446.516	10.11	1.1		2978011.000	
21	21	112719_R1_Mitra_F_PO50MPK_45min_10X	Analyte	1:D,2	10.000	2.74	169240			169239.609	9.53	-4.7		2792145.000	
22	22	112719_R1_Mitra_F_PO50MPK_60min_10X	Analyte	1:D,3	10.000	2.73	169558			169558.016	9.55	-4.5		2781494.000	
23	23	112719_R1_Mitra_F_PO50MPK_2hr_10X	Analyte	1:D,4	10.000	2.74	169303			169302.859	9.54	-4.6		2783247.000	
24	24	112719_R1_Mitra_F_PO50MPK_4hr_10X	Analyte	1:D,5	10.000	2.74	169725			169725.109	9.56	-4.4		384276.753	
25	25	112719_R1_Mitra_F_PO50MPK_6hr_10X	Analyte	1:D,6	10.000	2.74	168973			168973.359	9.52	-4.8		2778208.000	
26	26	112719_R1_Mitra_F_PO50MPK_8hr	Analyte	1:D,7	10.000	2.74	169799			169798.547	9.57	-4.3		2781061.000	
27	27	112719_R1_Mitra_F_PO50MPK_12hr	Analyte	1:D,8	10.000	2.74	169291			169291.141	9.54	-4.6		2756617.000	
28	28	112719_R1_Mitra_F_PO50MPK_24hr	Analyte	1:D,9	10.000	2.74	171087			171086.797	9.64	-3.6		2792296.000	
29	29	112719_R1_Mitra_F_PO50MPK_36hr	Analyte	1:D,10	10.000	2.74	170171			170171.156	9.59	-4.1		2777543.000	
30	30	112719_R1_Mitra_F_PO50MPK_48hr	Analyte	1:D,11	10.000	2.74	169339			169339.359	9.54	-4.6		2760143.000	
31	31	112719_R2_Mitra_F_PO50MPK_PreDose	Analyte	1:D,12	10.000	2.74	180498			180497.516	10.17	1.7		2964649.000	
32	32	112719_R2_Mitra_F_PO50MPK_5min_10X	Analyte	1:E,1	10.000	2.74	177946			177945.688	10.03	0.3		2915939.000	
33	33	112719_R2_Mitra_F_PO50MPK_10min_10X	Analyte	1:E,2	10.000	2.74	172605			172605.047	9.72	-2.8		1993517.126	
34	34	112719_R2_Mitra_F_PO50MPK_15min_10X	Analyte	1:E,3	10.000	2.74	173444			173443.578	9.77	-2.3		2827017.000	
35	35	112719_R2_Mitra_F_PO50MPK_30min_10X	Analyte	1:E,4	10.000	2.74	167938			167938.016	9.46	-5.4		2729940.000	
36	36	112719_R2_Mitra_F_PO50MPK_45min_10X	Analyte	1:E,5	10.000	2.74	169244			169244.375	9.54	-4.6		2747251.000	
37	37	112719_R2_Mitra_F_PO50MPK_60min_10X	Analyte	1:E,6	10.000	2.74	167145			167145.250	9.42	-5.8		2703412.000	
38	38	112719_Female_MitragynineHCl_PK_LLOQ2	QC	1:B,1	10.000	2.74	179801			179801.109	10.13	1.3		2938015.000	
39	39	112719_Female_MitragynineHCl_PK_LQC2	QC	1:B,2	10.000	2.74	170769			170769.359	9.62	-3.8		2537469.541	
40	40	112719_Female_MitragynineHCl_PK_MQC2	QC	1:B,3	10.000	2.74	171563			171563.484	9.67	-3.3		2773109.000	
41	41	112719_Female_MitragynineHCl_PK_HQC2	QC	1:B,4	10.000	2.74	170875			170875.031	9.63	-3.7		2776154.000	
42	42	112719_R2_Mitra_F_PO50MPK_2hr_10X	Analyte	1:E,7	10.000	2.74	168655			168655.250	9.50	-5.0		2725699.000	
43	43	112719_R2_Mitra_F_PO50MPK_4hr_10X	Analyte	1:E,8	10.000	2.74	170922			170922.063	9.63	-3.7		2777621.000	
44	44	112719_R2_Mitra_F_PO50MPK_6hr	Analyte	1:E,9	10.000	2.74	169434			169434.156	9.55	-4.5		2741882.000	
45	45	112719_R2_Mitra_F_PO50MPK_8hr	Analyte	1:E,10	10.000	2.74	171384			171383.578	9.66	-3.4		2772703.000	
46	46	112719_R2_Mitra_F_PO50MPK_12hr	Analyte	1:E,11	10.000	2.74	172660			172659.688	9.73	-2.7		2796366.000	
47	47	112719_R2_Mitra_F_PO50MPK_24hr	Analyte	1:E,12	10.000	2.74	177259			177259.297	9.99	-0.1		519557.079	
48	48	112719_R2_Mitra_F_PO50MPK_36hr	Analyte	1:F,1	10.000	2.74	178847			178846.906	10.08	0.8		1202086.915	
49	49	112719_R2_Mitra_F_PO50MPK_48hr	Analyte	1:F,2	10.000	2.74	178186			178185.781	10.04	0.4		2863544.000	
50	50	112719_R3_Mitra_F_PO50MPK_PreDose	Analyte	1:F,3	10.000	2.74	172118			172118.297	9.70	-3.0		2775970.000	
51	51	112719_R3_Mitra_F_PO50MPK_5min_10X	Analyte	1:F,4	10.000	2.74	173764			173763.891	9.79	-2.1		2799516.000	
52	52	112719_R3_Mitra_F_PO50MPK_10min_10X	Analyte	1:F,5	10.000	2.74	172318			172317.500	9.71	-2.9		2762317.000	
53	53	112719_R3_Mitra_F_PO50MPK_15min_10X	Analyte	1:F,6	10.000	2.74	174722			174721.516	9.84	-1.6		2811053.000	
54	54	112719_R3_Mitra_F_PO50MPK_30min_10X	Analyte	1:F,7	10.000	2.74	168806			168805.828	9.51	-4.9		2700817.000	
55	55	112719_R3_Mitra_F_PO50MPK_45min_10X	Analyte	1:F,8	10.000	2.74	168560			168559.703	9.50	-5.0		2695699.000	
56	56	112719_R3_Mitra_F_PO50MPK_60min_10X	Analyte	1:F,9	10.000	2.74	168813			168813.250	9.51	-4.9		2704207.000	
57	57	112719_R3_Mitra_F_PO50MPK_2hr_10X	Analyte	1:F,10	10.000	2.74	168823			168823.000	9.51	-4.9		2701811.000	
58	58	112719_R3_Mitra_F_PO50MPK_4hr_10X	Analyte	1:F,11	10.000	2.74	174254			174253.594	9.82	-1.8		2798974.000	
59	59	112719_R3_Mitra_F_PO50MPK_6hr	Analyte	1:F,12	10.000	2.74	178164			178164.313	10.04	0.4		2865353.000	
60	60	112719_R3_Mitra_F_PO50MPK_8hr	Analyte	1:G,1	10.000	2.74	177325			177324.641	9.99	-0.1		2854250.000	
61	61	112719_R3_Mitra_F_PO50MPK_12hr	Analyte	1:G,2	10.000	2.74	174821			174821.016	9.85	-1.5		2780733.000	
62	62	112719_R3_Mitra_F_PO50MPK_24hr_5X	Analyte	1:G,3	10.000	2.74	172981			172981.219	9.75	-2.5		2772706.000	
63	63	112719_R3_Mitra_F_PO50MPK_36hr	Analyte	1:G,4	10.000	2.74	169198			169198.109	9.53	-4.7		2718400.000	
64	64	112719_R3_Mitra_F_PO50MPK_48hr	Analyte	1:G,5	10.000	2.74	170299			170299.406	9.59	-4.1		2719882.000	
65	65	112719_Female_MitragynineHCl_PK_LLOQ3	QC	1:B,5	10.000	2.74	174984			174983.688	9.86	-1.4		2794818.000	
66	66	112719_Female_MitragynineHCl_PK_LQC3	QC	1:B,6	10.000	2.74	176520			176519.625	9.94	-0.6		2816143.000	
67	67	112719_Female_MitragynineHCl_PK_MQC3	QC	1:B,7	10.000	2.74	174901			174900.953	9.85	-1.5		2789574.000	
68	68	112719_Female_MitragynineHCl_PK_HQC3	QC	1:B,8	10.000	2.74	173019			173018.563	9.75	-2.5		2744283.000	
69	69	112719_R4_Mitra_F_PO50MPK_PreDose	Analyte	1:G,6	10.000	2.74	168799			168799.469	9.51	-4.9		2677116.000	
70	70	112719_R4_Mitra_F_PO50MPK_5min_10X	Analyte	1:G,7	10.000	2.74	170077			170077.422	9.58	-4.2		2718788.000	
71	71	112719_R4_Mitra_F_PO50MPK_10min_10X	Analyte	1:G,8	10.000	2.74	168101			168100.516	9.47	-5.3		2654650.000	
72	72	112719_R4_Mitra_F_PO50MPK_15min_10X	Analyte	1:G,9	10.000	2.74	166585			166585.344	9.39	-6.1		2650062.000	
73	73	112719_R4_Mitra_F_PO50MPK_30min_10X	Analyte	1:G,10	10.000	2.74	170049			170048.703	9.58	-4.2		2705715.000	
74	74	112719_R4_Mitra_F_PO50MPK_45min_10X	Analyte	2:D,9	10.000	2.74	164142			164142.063	9.25	-7.5		2614001.000	
75	75	112719_R4_Mitra_F_PO50MPK_60min_10X	Analyte	1:G,12	10.000	2.74	173472			173472.406	9.77	-2.3		2819362.000	
76	76	112719_R4_Mitra_F_PO50MPK_2hr_10X	Analyte	1:H,1	10.000	2.74	177826			177825.984	10.02	0.2		2861868.000	
77	77	112719_R4_Mitra_F_PO50MPK_4hr_10X	Analyte	1:H,2	10.000	2.74	174930			174930.469	9.86	-1.4		2796828.000	
78	78	112719_R4_Mitra_F_PO50MPK_6hr	Analyte	1:H,3	10.000	2.74	175199			175199.172	9.87	-1.3		2798817.000	
79	79	112719_R4_Mitra_F_PO50MPK_8hr	Analyte	1:H,4	10.000	2.74	176080			176080.203	9.92	-0.8		2821019.000	
80	80	112719_R4_Mitra_F_PO50MPK_12hr	Analyte	1:H,5	10.000	2.74	173092			173091.875	9.75	-2.5		2768166.000	
81	81	112719_R4_Mitra_F_PO50MPK_24hr	Analyte	1:H,6	10.000	2.74	173558			173558.422	9.78	-2.2		2781626.000	
82	82	112719_R4_Mitra_F_PO50MPK_36hr	Analyte	1:H,7	10.000	2.74	173372			173372.172	9.77	-2.3		579070.598	
83	83	112719_R4_Mitra_F_PO50MPK_48hr	Analyte	1:H,8	10.000	2.74	174508			174507.500	9.83	-1.7		2777224.000	
84	84	112719_R5_Mitra_F_IP5MPK_PreDose	Analyte	1:H,9	10.000	2.74	173914			173913.672	9.80	-2.0		2765245.000	
85	85	112719_R5_Mitra_F_IP5MPK_5min_10X	Analyte	1:H,10	10.000	2.74	173537			173536.766	9.78	-2.2		686990.978	
86	86	112719_R5_Mitra_F_IP5MPK_15min_10X	Analyte	1:H,11	10.000	2.74	170537			170537.188	9.61	-3.9		746648.703	
87	87	112719_R5_Mitra_F_IP5MPK_30min_10X	Analyte	1:H,12	10.000	2.74	178028			178027.797	10.03	0.3		2880920.000	
88	88	112719_R5_Mitra_F_IP5MPK_45min_5X	Analyte	2:A,1	10.000	2.74	170150			170150.063	9.59	-4.1		2720526.000	
89	89	112719_R5_Mitra_F_IP5MPK_60min_5X	Analyte	2:A,2	10.000	2.74	166253			166253.156	9.37	-6.3		2637976.000	
90	90	112719_Female_MitragynineHCl_PK_LLOQ4	QC	1:B,9	10.000	2.74	169177			169176.938	9.53	-4.7		2676331.000	
91	91	112719_Female_MitragynineHCl_PK_LQC4	QC	1:B,10	10.000	2.74	171555			171555.359	9.67	-3.3		2726269.000	
92	92	112719_Female_MitragynineHCl_PK_MQC4	QC	1:B,11	10.000	2.74	170052			170051.547	9.58	-4.2		2701076.000	
93	93	112719_Female_MitragynineHCl_PK_HQC4	QC	1:B,12	10.000	2.74	177786			177785.531	10.02	0.2		2852154.000	
94	94	112719_R5_Mitra_F_IP5MPK_2hr_5X	Analyte	2:A,3	10.000	2.74	171510			171509.875	9.66	-3.4		2734131.000	
95	95	112719_R5_Mitra_F_IP5MPK_4hr_5X	Analyte	2:A,4	10.000	2.74	174549			174549.188	9.83	-1.7		2786734.000	
96	96	112719_R5_Mitra_F_IP5MPK_12hr	Analyte	2:A,6	10.000	2.74	179318			179317.672	10.10	1.0		1032354.310	
97	97	112719_R5_Mitra_F_IP5MPK_18hr	Analyte	2:A,7	10.000	2.74	179139			179138.781	10.09	0.9		2840197.000	
98	98	112719_R5_Mitra_F_IP5MPK_24hr	Analyte	2:A,8	10.000	2.74	178385			178385.203	10.05	0.5		2837180.000	
99	99	112719_R6_Mitra_F_IP5MPK_PreDose	Analyte	2:A,9	10.000	2.74	179064			179063.828	10.09	0.9		2847386.000	
100	100	112719_R6_Mitra_F_IP5MPK_5min_10X	Analyte	2:A,10	10.000	2.74	174654			174653.547	9.84	-1.6		2760297.000	
101	101	112719_R6_Mitra_F_IP5MPK_15min_10X	Analyte	2:A,11	10.000	2.74	168237			168237.469	9.48	-5.2		2663832.000	
102	102	112719_R6_Mitra_F_IP5MPK_30min_10X	Analyte	2:A,12	10.000	2.74	168961			168960.969	9.52	-4.8		2689965.000	
103	103	112719_R6_Mitra_F_IP5MPK_45min_5X	Analyte	2:B,1	10.000	2.74	167035			167034.844	9.41	-5.9		2651761.000	
104	104	112719_R6_Mitra_F_IP5MPK_60min_5X	Analyte	2:B,2	10.000	2.74	161249			161249.234	9.08	-9.2		2547727.000	
105	105	112719_R6_Mitra_F_IP5MPK_2hr_5X	Analyte	2:B,3	10.000	2.75	161585			161585.391	9.10	-9.0		2546514.000	
106	106	112719_R6_Mitra_F_IP5MPK_4hr_5X	Analyte	2:B,4	10.000	2.74	163551			163551.047	9.21	-7.9		2591359.000	
107	107	112719_R6_Mitra_F_IP5MPK_8hr	Analyte	2:B,5	10.000	2.75	166262			166262.297	9.37	-6.3		2605745.000	
108	108	112719_R6_Mitra_F_IP5MPK_12hr	Analyte	2:B,6	10.000	2.74	170834			170833.953	9.62	-3.8		2676281.000	
109	109	112719_R6_Mitra_F_IP5MPK_18hr	Analyte	2:B,7	10.000	2.75	168750			168749.703	9.51	-4.9		2656694.000	
110	110	112719_R6_Mitra_F_IP5MPK_24hr	Analyte	2:B,8	10.000	2.74	167051			167050.766	9.41	-5.9		2623299.000	
111	111	112719_R7_Mitra_F_IP5MPK_PreDose	Analyte	2:B,9	10.000	2.75	163771			163771.438	9.23	-7.7		2590074.000	
112	112	112719_R7_Mitra_F_IP5MPK_5min_10X	Analyte	2:B,10	10.000	2.75	160852			160851.750	9.06	-9.4		2549839.000	
113	113	112719_R7_Mitra_F_IP5MPK_15min_10X	Analyte	2:B,11	10.000	2.75	162308			162307.609	9.14	-8.6		2534058.000	
114	114	112719_Female_MitragynineHCl_PK_LLOQ5	QC	1:C,1	10.000	2.75	179352			179351.625	10.10	1.0		2863569.000	
115	115	112719_Female_MitragynineHCl_PK_LQC5	QC	1:C,2	10.000	2.75	172095			172095.313	9.70	-3.0		2711697.000	
116	116	112719_Female_MitragynineHCl_PK_MQC5	QC	1:C,3	10.000	2.75	171357			171357.453	9.65	-3.5		2704988.000	
117	117	112719_Female_MitragynineHCl_PK_HQC5	QC	1:C,4	10.000	2.75	171831			171831.156	9.68	-3.2		2713649.000	
118	118	112719_R7_Mitra_F_IP5MPK_30min_10X	Analyte	2:B,12	10.000	2.75	166716			166715.906	9.39	-6.1		2654743.000	
119	119	112719_R7_Mitra_F_IP5MPK_45min_5X	Analyte	2:C,1	10.000	2.75	173852			173852.203	9.79	-2.1		2762359.000	
120	120	112719_R7_Mitra_F_IP5MPK_60min_5X	Analyte	2:C,2	10.000	2.75	161494			161494.406	9.10	-9.0		2547340.000	
121	121	112719_R7_Mitra_F_IP5MPK_2hr_5X	Analyte	2:C,3	10.000	2.75	162408			162408.453	9.15	-8.5		2557364.000	
122	122	112719_R7_Mitra_F_IP5MPK_4hr_5X	Analyte	2:C,4	10.000	2.75	165159			165158.859	9.30	-7.0		2609297.000	
123	123	112719_R7_Mitra_F_IP5MPK_8hr	Analyte	2:C,5	10.000	2.75	163933			163932.547	9.24	-7.6		2573817.000	
124	124	112719_R7_Mitra_F_IP5MPK_12hr	Analyte	2:C,6	10.000	2.75	165221			165220.594	9.31	-6.9		2005093.419	
125	125	112719_R7_Mitra_F_IP5MPK_18hr	Analyte	2:C,7	10.000	2.75	161169			161168.563	9.08	-9.2		1181743.764	
126	126	112719_R7_Mitra_F_IP5MPK_24hr	Analyte	2:C,8	10.000	2.75	161989			161988.656	9.13	-8.7		2549900.000	
127	127	112719_R8_Mitra_F_IP5MPK_PreDose	Analyte	2:C,9	10.000	2.75	165379			165379.297	9.32	-6.8		2601328.000	
128	128	112719_R8_Mitra_F_IP5MPK_5min_10X	Analyte	2:C,10	10.000	2.75	165827			165826.984	9.34	-6.6		2630902.000	
129	129	112719_R8_Mitra_F_IP5MPK_15min_10X	Analyte	2:C,11	10.000	2.75	168279			168278.813	9.48	-5.2		2677542.000	
130	130	112719_R8_Mitra_F_IP5MPK_30min_10X	Analyte	2:C,12	10.000	2.75	173290			173290.391	9.76	-2.4		2781063.000	
131	131	112719_R8_Mitra_F_IP5MPK_45min_5X	Analyte	2:D,1	10.000	2.75	169087			169087.469	9.53	-4.7		2675047.000	
132	132	112719_R8_Mitra_F_IP5MPK_60min_5X	Analyte	2:D,2	10.000	2.75	161047			161046.609	9.07	-9.3		2563426.000	
133	133	112719_R8_Mitra_F_IP5MPK_2hr_5X	Analyte	2:D,3	10.000	2.75	163166			163165.719	9.19	-8.1		2573190.000	
134	134	112719_R8_Mitra_F_IP5MPK_4hr_5X	Analyte	2:D,4	10.000	2.75	163249			163249.094	9.20	-8.0		2599077.000	
135	135	112719_R8_Mitra_F_IP5MPK_8hr	Analyte	2:D,5	10.000	2.75	162884			162883.719	9.18	-8.2		2576190.000	
136	136	112719_R8_Mitra_F_IP5MPK_12hr	Analyte	2:D,6	10.000	2.75	162433			162432.656	9.15	-8.5		2579446.000	
137	137	112719_R8_Mitra_F_IP5MPK_18hr	Analyte	2:D,7	10.000	2.75	160165			160164.578	9.02	-9.8		558915.438	
138	138	112719_R8_Mitra_F_IP5MPK_24hr	Analyte	2:D,8	10.000	2.75	159644			159644.219	8.99	-10.1		2518314.000	
139	139	112719_Female_MitragynineHCl_PK_LLOQ6	QC	1:C,5	10.000	2.75	166711			166711.125	9.39	-6.1		2640552.000	
140	140	112719_Female_MitragynineHCl_PK_LQC6	QC	1:C,6	10.000	2.75	170941			170941.391	9.63	-3.7		425740.359	
141	141	112719_Female_MitragynineHCl_PK_MQC6	QC	1:C,7	10.000	2.75	167844			167843.531	9.46	-5.4		2637347.000	
142	142	112719_Female_MitragynineHCl_PK_HQC6	QC	1:C,8	10.000	2.75	169642			169641.516	9.56	-4.4		2659421.000	

Compound 4:  Ketoconazole

	#	Name	Type	Vial	Std. Conc	RT	Area	IS Area	Area Ratio	Response	Conc.	%Dev	Subject Text	S/N	Summary Flag Reason
1	1	112719_Female_MitragynineHCl_PK_CS0		2:H,10											
2	2	112719_Female_MitragynineHCl_PK_CS0_IS		2:H,11				174355							
3	3	112719_Female_MitragynineHCl_PK_CS1	Standard	1:A,1	1.000			178638							
4	4	112719_Female_MitragynineHCl_PK_CS2	Standard	1:A,2	2.500			177223							
5	5	112719_Female_MitragynineHCl_PK_CS3	Standard	1:A,3	5.000			175962							
6	6	112719_Female_MitragynineHCl_PK_CS4	Standard	1:A,4	20.000			174938							
7	7	112719_Female_MitragynineHCl_PK_CS5	Standard	1:A,5	50.000			175735							
8	8	112719_Female_MitragynineHCl_PK_CS6	Standard	1:A,6	100.000			178964							
9	9	112719_Female_MitragynineHCl_PK_CS7	Standard	1:A,7	150.000			178363							
10	10	112719_Female_MitragynineHCl_PK_CS8	Standard	1:A,8	200.000			180152							
11	11	112719_Female_MitragynineHCl_PK_CS0_IS2		2:H,11				176969							
12	12	112719_Female_MitragynineHCl_PK_LLOQ1	QC	1:A,9	1.000			177286							
13	13	112719_Female_MitragynineHCl_PK_LQC1	QC	1:A,10	3.000			174282							
14	14	112719_Female_MitragynineHCl_PK_MQC1	QC	1:A,11	90.000			178702							
15	15	112719_Female_MitragynineHCl_PK_HQC1	QC	1:A,12	180.000			179763							
16	16	112719_R1_Mitra_F_PO50MPK_PreDose	Analyte	1:C,9				169775							
17	17	112719_R1_Mitra_F_PO50MPK_5min_10X	Analyte	1:C,10				169214							
18	18	112719_R1_Mitra_F_PO50MPK_10min_10X	Analyte	1:C,11				168972							
19	19	112719_R1_Mitra_F_PO50MPK_15min_10X	Analyte	1:C,12				177449							
20	20	112719_R1_Mitra_F_PO50MPK_30min_10X	Analyte	1:D,1				179447							
21	21	112719_R1_Mitra_F_PO50MPK_45min_10X	Analyte	1:D,2				169240							
22	22	112719_R1_Mitra_F_PO50MPK_60min_10X	Analyte	1:D,3				169558							
23	23	112719_R1_Mitra_F_PO50MPK_2hr_10X	Analyte	1:D,4				169303							
24	24	112719_R1_Mitra_F_PO50MPK_4hr_10X	Analyte	1:D,5				169725							
25	25	112719_R1_Mitra_F_PO50MPK_6hr_10X	Analyte	1:D,6				168973							
26	26	112719_R1_Mitra_F_PO50MPK_8hr	Analyte	1:D,7				169799							
27	27	112719_R1_Mitra_F_PO50MPK_12hr	Analyte	1:D,8				169291							
28	28	112719_R1_Mitra_F_PO50MPK_24hr	Analyte	1:D,9				171087							
29	29	112719_R1_Mitra_F_PO50MPK_36hr	Analyte	1:D,10				170171							
30	30	112719_R1_Mitra_F_PO50MPK_48hr	Analyte	1:D,11				169339							
31	31	112719_R2_Mitra_F_PO50MPK_PreDose	Analyte	1:D,12				180498							
32	32	112719_R2_Mitra_F_PO50MPK_5min_10X	Analyte	1:E,1				177946							
33	33	112719_R2_Mitra_F_PO50MPK_10min_10X	Analyte	1:E,2				172605							
34	34	112719_R2_Mitra_F_PO50MPK_15min_10X	Analyte	1:E,3				173444							
35	35	112719_R2_Mitra_F_PO50MPK_30min_10X	Analyte	1:E,4				167938							
36	36	112719_R2_Mitra_F_PO50MPK_45min_10X	Analyte	1:E,5				169244							
37	37	112719_R2_Mitra_F_PO50MPK_60min_10X	Analyte	1:E,6				167145							
38	38	112719_Female_MitragynineHCl_PK_LLOQ2	QC	1:B,1	1.000			179801							
39	39	112719_Female_MitragynineHCl_PK_LQC2	QC	1:B,2	3.000			170769							
40	40	112719_Female_MitragynineHCl_PK_MQC2	QC	1:B,3	90.000			171563							
41	41	112719_Female_MitragynineHCl_PK_HQC2	QC	1:B,4	180.000			170875							
42	42	112719_R2_Mitra_F_PO50MPK_2hr_10X	Analyte	1:E,7				168655							
43	43	112719_R2_Mitra_F_PO50MPK_4hr_10X	Analyte	1:E,8				170922							
44	44	112719_R2_Mitra_F_PO50MPK_6hr	Analyte	1:E,9				169434							
45	45	112719_R2_Mitra_F_PO50MPK_8hr	Analyte	1:E,10				171384							
46	46	112719_R2_Mitra_F_PO50MPK_12hr	Analyte	1:E,11				172660							
47	47	112719_R2_Mitra_F_PO50MPK_24hr	Analyte	1:E,12				177259							
48	48	112719_R2_Mitra_F_PO50MPK_36hr	Analyte	1:F,1				178847							
49	49	112719_R2_Mitra_F_PO50MPK_48hr	Analyte	1:F,2				178186							
50	50	112719_R3_Mitra_F_PO50MPK_PreDose	Analyte	1:F,3				172118							
51	51	112719_R3_Mitra_F_PO50MPK_5min_10X	Analyte	1:F,4				173764							
52	52	112719_R3_Mitra_F_PO50MPK_10min_10X	Analyte	1:F,5				172318							
53	53	112719_R3_Mitra_F_PO50MPK_15min_10X	Analyte	1:F,6				174722							
54	54	112719_R3_Mitra_F_PO50MPK_30min_10X	Analyte	1:F,7				168806							
55	55	112719_R3_Mitra_F_PO50MPK_45min_10X	Analyte	1:F,8				168560							
56	56	112719_R3_Mitra_F_PO50MPK_60min_10X	Analyte	1:F,9				168813							
57	57	112719_R3_Mitra_F_PO50MPK_2hr_10X	Analyte	1:F,10				168823							
58	58	112719_R3_Mitra_F_PO50MPK_4hr_10X	Analyte	1:F,11				174254							
59	59	112719_R3_Mitra_F_PO50MPK_6hr	Analyte	1:F,12				178164							
60	60	112719_R3_Mitra_F_PO50MPK_8hr	Analyte	1:G,1				177325							
61	61	112719_R3_Mitra_F_PO50MPK_12hr	Analyte	1:G,2				174821							
62	62	112719_R3_Mitra_F_PO50MPK_24hr_5X	Analyte	1:G,3				172981							
63	63	112719_R3_Mitra_F_PO50MPK_36hr	Analyte	1:G,4				169198							
64	64	112719_R3_Mitra_F_PO50MPK_48hr	Analyte	1:G,5				170299							
65	65	112719_Female_MitragynineHCl_PK_LLOQ3	QC	1:B,5	1.000			174984							
66	66	112719_Female_MitragynineHCl_PK_LQC3	QC	1:B,6	3.000			176520							
67	67	112719_Female_MitragynineHCl_PK_MQC3	QC	1:B,7	90.000			174901							
68	68	112719_Female_MitragynineHCl_PK_HQC3	QC	1:B,8	180.000			173019							
69	69	112719_R4_Mitra_F_PO50MPK_PreDose	Analyte	1:G,6				168799							
70	70	112719_R4_Mitra_F_PO50MPK_5min_10X	Analyte	1:G,7				170077							
71	71	112719_R4_Mitra_F_PO50MPK_10min_10X	Analyte	1:G,8				168101							
72	72	112719_R4_Mitra_F_PO50MPK_15min_10X	Analyte	1:G,9				166585							
73	73	112719_R4_Mitra_F_PO50MPK_30min_10X	Analyte	1:G,10				170049							
74	74	112719_R4_Mitra_F_PO50MPK_45min_10X	Analyte	2:D,9				164142							
75	75	112719_R4_Mitra_F_PO50MPK_60min_10X	Analyte	1:G,12				173472							
76	76	112719_R4_Mitra_F_PO50MPK_2hr_10X	Analyte	1:H,1				177826							
77	77	112719_R4_Mitra_F_PO50MPK_4hr_10X	Analyte	1:H,2				174930							
78	78	112719_R4_Mitra_F_PO50MPK_6hr	Analyte	1:H,3				175199							
79	79	112719_R4_Mitra_F_PO50MPK_8hr	Analyte	1:H,4				176080							
80	80	112719_R4_Mitra_F_PO50MPK_12hr	Analyte	1:H,5				173092							
81	81	112719_R4_Mitra_F_PO50MPK_24hr	Analyte	1:H,6				173558							
82	82	112719_R4_Mitra_F_PO50MPK_36hr	Analyte	1:H,7				173372							
83	83	112719_R4_Mitra_F_PO50MPK_48hr	Analyte	1:H,8				174508							
84	84	112719_R5_Mitra_F_IP5MPK_PreDose	Analyte	1:H,9				173914							
85	85	112719_R5_Mitra_F_IP5MPK_5min_10X	Analyte	1:H,10				173537							
86	86	112719_R5_Mitra_F_IP5MPK_15min_10X	Analyte	1:H,11				170537							
87	87	112719_R5_Mitra_F_IP5MPK_30min_10X	Analyte	1:H,12				178028							
88	88	112719_R5_Mitra_F_IP5MPK_45min_5X	Analyte	2:A,1				170150							
89	89	112719_R5_Mitra_F_IP5MPK_60min_5X	Analyte	2:A,2				166253							
90	90	112719_Female_MitragynineHCl_PK_LLOQ4	QC	1:B,9	1.000			169177							
91	91	112719_Female_MitragynineHCl_PK_LQC4	QC	1:B,10	3.000			171555							
92	92	112719_Female_MitragynineHCl_PK_MQC4	QC	1:B,11	90.000			170052							
93	93	112719_Female_MitragynineHCl_PK_HQC4	QC	1:B,12	180.000			177786							
94	94	112719_R5_Mitra_F_IP5MPK_2hr_5X	Analyte	2:A,3				171510							
95	95	112719_R5_Mitra_F_IP5MPK_4hr_5X	Analyte	2:A,4				174549							
96	96	112719_R5_Mitra_F_IP5MPK_12hr	Analyte	2:A,6				179318							
97	97	112719_R5_Mitra_F_IP5MPK_18hr	Analyte	2:A,7				179139							
98	98	112719_R5_Mitra_F_IP5MPK_24hr	Analyte	2:A,8				178385							
99	99	112719_R6_Mitra_F_IP5MPK_PreDose	Analyte	2:A,9				179064							
100	100	112719_R6_Mitra_F_IP5MPK_5min_10X	Analyte	2:A,10				174654							
101	101	112719_R6_Mitra_F_IP5MPK_15min_10X	Analyte	2:A,11				168237							
102	102	112719_R6_Mitra_F_IP5MPK_30min_10X	Analyte	2:A,12				168961							
103	103	112719_R6_Mitra_F_IP5MPK_45min_5X	Analyte	2:B,1				167035							
104	104	112719_R6_Mitra_F_IP5MPK_60min_5X	Analyte	2:B,2				161249							
105	105	112719_R6_Mitra_F_IP5MPK_2hr_5X	Analyte	2:B,3				161585							
106	106	112719_R6_Mitra_F_IP5MPK_4hr_5X	Analyte	2:B,4				163551							
107	107	112719_R6_Mitra_F_IP5MPK_8hr	Analyte	2:B,5				166262							
108	108	112719_R6_Mitra_F_IP5MPK_12hr	Analyte	2:B,6				170834							
109	109	112719_R6_Mitra_F_IP5MPK_18hr	Analyte	2:B,7				168750							
110	110	112719_R6_Mitra_F_IP5MPK_24hr	Analyte	2:B,8				167051							
111	111	112719_R7_Mitra_F_IP5MPK_PreDose	Analyte	2:B,9				163771							
112	112	112719_R7_Mitra_F_IP5MPK_5min_10X	Analyte	2:B,10				160852							
113	113	112719_R7_Mitra_F_IP5MPK_15min_10X	Analyte	2:B,11				162308							
114	114	112719_Female_MitragynineHCl_PK_LLOQ5	QC	1:C,1	1.000			179352							
115	115	112719_Female_MitragynineHCl_PK_LQC5	QC	1:C,2	3.000			172095							
116	116	112719_Female_MitragynineHCl_PK_MQC5	QC	1:C,3	90.000			171357							
117	117	112719_Female_MitragynineHCl_PK_HQC5	QC	1:C,4	180.000			171831							
118	118	112719_R7_Mitra_F_IP5MPK_30min_10X	Analyte	2:B,12				166716							
119	119	112719_R7_Mitra_F_IP5MPK_45min_5X	Analyte	2:C,1				173852							
120	120	112719_R7_Mitra_F_IP5MPK_60min_5X	Analyte	2:C,2				161494							
121	121	112719_R7_Mitra_F_IP5MPK_2hr_5X	Analyte	2:C,3				162408							
122	122	112719_R7_Mitra_F_IP5MPK_4hr_5X	Analyte	2:C,4				165159							
123	123	112719_R7_Mitra_F_IP5MPK_8hr	Analyte	2:C,5				163933							
124	124	112719_R7_Mitra_F_IP5MPK_12hr	Analyte	2:C,6				165221							
125	125	112719_R7_Mitra_F_IP5MPK_18hr	Analyte	2:C,7				161169							
126	126	112719_R7_Mitra_F_IP5MPK_24hr	Analyte	2:C,8				161989							
127	127	112719_R8_Mitra_F_IP5MPK_PreDose	Analyte	2:C,9				165379							
128	128	112719_R8_Mitra_F_IP5MPK_5min_10X	Analyte	2:C,10				165827							
129	129	112719_R8_Mitra_F_IP5MPK_15min_10X	Analyte	2:C,11				168279							
130	130	112719_R8_Mitra_F_IP5MPK_30min_10X	Analyte	2:C,12				173290							
131	131	112719_R8_Mitra_F_IP5MPK_45min_5X	Analyte	2:D,1				169087							
132	132	112719_R8_Mitra_F_IP5MPK_60min_5X	Analyte	2:D,2				161047							
133	133	112719_R8_Mitra_F_IP5MPK_2hr_5X	Analyte	2:D,3				163166							
134	134	112719_R8_Mitra_F_IP5MPK_4hr_5X	Analyte	2:D,4				163249							
135	135	112719_R8_Mitra_F_IP5MPK_8hr	Analyte	2:D,5				162884							
136	136	112719_R8_Mitra_F_IP5MPK_12hr	Analyte	2:D,6				162433							
137	137	112719_R8_Mitra_F_IP5MPK_18hr	Analyte	2:D,7				160165							
138	138	112719_R8_Mitra_F_IP5MPK_24hr	Analyte	2:D,8				159644							
139	139	112719_Female_MitragynineHCl_PK_LLOQ6	QC	1:C,5	1.000			166711							
140	140	112719_Female_MitragynineHCl_PK_LQC6	QC	1:C,6	3.000			170941							
141	141	112719_Female_MitragynineHCl_PK_MQC6	QC	1:C,7	90.000			167844							
142	142	112719_Female_MitragynineHCl_PK_HQC6	QC	1:C,8	180.000			169642							

